Track,for,Don,2011,,,
Date,Time,(UTC),Latitude,Longitude,,Category
MM/DD/Year,HH:MM:SS,(deg),(deg),,,
7/27/2011,19:55:46,22.116,N,86.784,W,0
7/27/2011,19:57:46,22.119,N,86.788,W,0
7/27/2011,19:59:45,22.122,N,86.791,W,0
7/27/2011,20:01:45,22.125,N,86.795,W,0
7/27/2011,20:03:46,22.128,N,86.799,W,0
7/27/2011,20:05:46,22.131,N,86.802,W,0
7/27/2011,20:07:45,22.134,N,86.806,W,0
7/27/2011,20:09:45,22.137,N,86.809,W,0
7/27/2011,20:11:46,22.14,N,86.813,W,0
7/27/2011,20:13:46,22.142,N,86.816,W,0
7/27/2011,20:15:45,22.145,N,86.82,W,0
7/27/2011,20:17:46,22.148,N,86.823,W,0
7/27/2011,20:19:46,22.151,N,86.827,W,0
7/27/2011,20:21:45,22.154,N,86.83,W,0
7/27/2011,20:23:45,22.157,N,86.834,W,0
7/27/2011,20:25:46,22.16,N,86.837,W,0
7/27/2011,20:27:46,22.163,N,86.841,W,0
7/27/2011,20:29:45,22.166,N,86.844,W,0
7/27/2011,20:31:45,22.169,N,86.848,W,0
7/27/2011,20:33:46,22.171,N,86.851,W,0
7/27/2011,20:35:46,22.174,N,86.855,W,0
7/27/2011,20:37:45,22.177,N,86.858,W,0
7/27/2011,20:39:45,22.18,N,86.862,W,0
7/27/2011,20:41:46,22.183,N,86.865,W,0
7/27/2011,20:43:46,22.186,N,86.869,W,0
7/27/2011,20:45:45,22.189,N,86.872,W,0
7/27/2011,20:47:46,22.192,N,86.876,W,0
7/27/2011,20:49:46,22.195,N,86.879,W,0
7/27/2011,20:51:45,22.198,N,86.883,W,0
7/27/2011,20:53:45,22.2,N,86.886,W,0
7/27/2011,20:55:46,22.203,N,86.89,W,0
7/27/2011,20:57:46,22.206,N,86.893,W,0
7/27/2011,20:59:45,22.209,N,86.897,W,0
7/27/2011,21:01:45,22.212,N,86.9,W,0
7/27/2011,21:03:46,22.215,N,86.904,W,0
7/27/2011,21:05:46,22.218,N,86.907,W,0
7/27/2011,21:07:45,22.221,N,86.911,W,0
7/27/2011,21:09:45,22.224,N,86.915,W,0
7/27/2011,21:11:46,22.227,N,86.918,W,0
7/27/2011,21:13:46,22.23,N,86.922,W,0
7/27/2011,21:15:45,22.232,N,86.925,W,0
7/27/2011,21:17:46,22.235,N,86.929,W,0
7/27/2011,21:19:46,22.238,N,86.932,W,0
7/27/2011,21:21:45,22.241,N,86.936,W,0
7/27/2011,21:23:45,22.244,N,86.939,W,0
7/27/2011,21:25:46,22.247,N,86.943,W,0
7/27/2011,21:27:46,22.25,N,86.947,W,0
7/27/2011,21:29:45,22.253,N,86.95,W,0
7/27/2011,21:31:45,22.256,N,86.954,W,0
7/27/2011,21:33:46,22.259,N,86.957,W,0
7/27/2011,21:35:46,22.262,N,86.961,W,0
7/27/2011,21:37:45,22.264,N,86.964,W,0
7/27/2011,21:39:45,22.267,N,86.968,W,0
7/27/2011,21:41:46,22.27,N,86.972,W,0
7/27/2011,21:43:46,22.273,N,86.975,W,0
7/27/2011,21:45:45,22.276,N,86.979,W,0
7/27/2011,21:47:46,22.279,N,86.982,W,0
7/27/2011,21:49:46,22.282,N,86.986,W,0
7/27/2011,21:51:45,22.285,N,86.99,W,0
7/27/2011,21:53:45,22.288,N,86.993,W,0
7/27/2011,21:55:46,22.291,N,86.997,W,0
7/27/2011,21:57:46,22.294,N,87,W,0
7/27/2011,21:59:45,22.297,N,87.004,W,0
7/27/2011,22:01:45,22.299,N,87.008,W,0
7/27/2011,22:03:46,22.302,N,87.011,W,0
7/27/2011,22:05:46,22.305,N,87.015,W,0
7/27/2011,22:07:45,22.308,N,87.018,W,0
7/27/2011,22:09:45,22.311,N,87.022,W,0
7/27/2011,22:11:46,22.314,N,87.026,W,0
7/27/2011,22:13:46,22.317,N,87.029,W,0
7/27/2011,22:15:45,22.32,N,87.033,W,0
7/27/2011,22:17:46,22.323,N,87.037,W,0
7/27/2011,22:19:46,22.326,N,87.04,W,0
7/27/2011,22:21:45,22.329,N,87.044,W,0
7/27/2011,22:23:45,22.332,N,87.048,W,0
7/27/2011,22:25:46,22.335,N,87.051,W,0
7/27/2011,22:27:46,22.337,N,87.055,W,0
7/27/2011,22:29:45,22.34,N,87.059,W,0
7/27/2011,22:31:45,22.343,N,87.062,W,0
7/27/2011,22:33:46,22.346,N,87.066,W,0
7/27/2011,22:35:46,22.349,N,87.07,W,0
7/27/2011,22:37:45,22.352,N,87.073,W,0
7/27/2011,22:39:45,22.355,N,87.077,W,0
7/27/2011,22:41:46,22.358,N,87.081,W,0
7/27/2011,22:43:46,22.361,N,87.085,W,0
7/27/2011,22:45:45,22.364,N,87.088,W,0
7/27/2011,22:47:46,22.367,N,87.092,W,0
7/27/2011,22:49:46,22.37,N,87.096,W,0
7/27/2011,22:51:45,22.373,N,87.1,W,0
7/27/2011,22:53:45,22.376,N,87.103,W,0
7/27/2011,22:55:46,22.379,N,87.107,W,0
7/27/2011,22:57:46,22.382,N,87.111,W,0
7/27/2011,22:59:45,22.384,N,87.115,W,0
7/27/2011,23:01:45,22.387,N,87.118,W,0
7/27/2011,23:03:46,22.39,N,87.122,W,0
7/27/2011,23:05:46,22.393,N,87.126,W,0
7/27/2011,23:07:45,22.396,N,87.13,W,0
7/27/2011,23:09:45,22.399,N,87.133,W,0
7/27/2011,23:11:46,22.402,N,87.137,W,0
7/27/2011,23:13:46,22.405,N,87.141,W,0
7/27/2011,23:15:45,22.408,N,87.145,W,0
7/27/2011,23:17:46,22.411,N,87.149,W,0
7/27/2011,23:19:46,22.414,N,87.152,W,0
7/27/2011,23:21:45,22.417,N,87.156,W,0
7/27/2011,23:23:45,22.42,N,87.16,W,0
7/27/2011,23:25:46,22.423,N,87.164,W,0
7/27/2011,23:27:46,22.426,N,87.168,W,0
7/27/2011,23:29:45,22.429,N,87.172,W,0
7/27/2011,23:31:45,22.432,N,87.176,W,0
7/27/2011,23:33:46,22.435,N,87.179,W,0
7/27/2011,23:35:46,22.438,N,87.183,W,0
7/27/2011,23:37:45,22.441,N,87.187,W,0
7/27/2011,23:39:45,22.444,N,87.191,W,0
7/27/2011,23:41:46,22.446,N,87.195,W,0
7/27/2011,23:43:46,22.449,N,87.199,W,0
7/27/2011,23:45:45,22.452,N,87.203,W,0
7/27/2011,23:47:46,22.455,N,87.207,W,0
7/27/2011,23:49:46,22.458,N,87.211,W,0
7/27/2011,23:51:45,22.461,N,87.215,W,0
7/27/2011,23:53:45,22.464,N,87.218,W,0
7/27/2011,23:55:46,22.467,N,87.222,W,0
7/27/2011,23:57:46,22.47,N,87.226,W,0
7/27/2011,23:59:45,22.473,N,87.23,W,0
7/28/2011,0:01:45,22.476,N,87.234,W,0
7/28/2011,0:03:46,22.479,N,87.238,W,0
7/28/2011,0:05:46,22.482,N,87.242,W,0
7/28/2011,0:07:45,22.485,N,87.246,W,0
7/28/2011,0:09:45,22.488,N,87.25,W,0
7/28/2011,0:11:46,22.491,N,87.254,W,0
7/28/2011,0:13:46,22.494,N,87.258,W,0
7/28/2011,0:15:45,22.497,N,87.262,W,0
7/28/2011,0:17:46,22.5,N,87.266,W,0
7/28/2011,0:19:46,22.503,N,87.27,W,0
7/28/2011,0:21:45,22.506,N,87.274,W,0
7/28/2011,0:23:45,22.509,N,87.279,W,0
7/28/2011,0:25:46,22.512,N,87.283,W,0
7/28/2011,0:27:46,22.515,N,87.287,W,0
7/28/2011,0:29:45,22.518,N,87.291,W,0
7/28/2011,0:31:45,22.521,N,87.295,W,0
7/28/2011,0:33:46,22.524,N,87.299,W,0
7/28/2011,0:35:46,22.527,N,87.303,W,0
7/28/2011,0:37:45,22.53,N,87.307,W,0
7/28/2011,0:39:45,22.533,N,87.311,W,0
7/28/2011,0:41:46,22.536,N,87.315,W,0
7/28/2011,0:43:46,22.539,N,87.32,W,0
7/28/2011,0:45:45,22.542,N,87.324,W,0
7/28/2011,0:47:46,22.545,N,87.328,W,0
7/28/2011,0:49:46,22.548,N,87.332,W,0
7/28/2011,0:51:45,22.551,N,87.336,W,0
7/28/2011,0:53:45,22.554,N,87.341,W,0
7/28/2011,0:55:46,22.557,N,87.345,W,0
7/28/2011,0:57:46,22.56,N,87.349,W,0
7/28/2011,0:59:45,22.563,N,87.353,W,0
7/28/2011,1:01:45,22.566,N,87.357,W,0
7/28/2011,1:03:46,22.569,N,87.362,W,0
7/28/2011,1:05:46,22.572,N,87.366,W,0
7/28/2011,1:07:45,22.575,N,87.37,W,0
7/28/2011,1:09:45,22.578,N,87.374,W,0
7/28/2011,1:11:46,22.581,N,87.379,W,0
7/28/2011,1:13:46,22.584,N,87.383,W,0
7/28/2011,1:15:45,22.587,N,87.387,W,0
7/28/2011,1:17:46,22.59,N,87.392,W,0
7/28/2011,1:19:46,22.593,N,87.396,W,0
7/28/2011,1:21:45,22.596,N,87.4,W,0
7/28/2011,1:23:45,22.599,N,87.405,W,0
7/28/2011,1:25:46,22.602,N,87.409,W,0
7/28/2011,1:27:46,22.606,N,87.413,W,0
7/28/2011,1:29:45,22.609,N,87.418,W,0
7/28/2011,1:31:45,22.612,N,87.422,W,0
7/28/2011,1:33:46,22.615,N,87.427,W,0
7/28/2011,1:35:46,22.618,N,87.431,W,0
7/28/2011,1:37:45,22.621,N,87.435,W,0
7/28/2011,1:39:45,22.624,N,87.44,W,0
7/28/2011,1:41:46,22.627,N,87.444,W,0
7/28/2011,1:43:46,22.63,N,87.449,W,0
7/28/2011,1:45:45,22.633,N,87.453,W,0
7/28/2011,1:47:46,22.636,N,87.458,W,0
7/28/2011,1:49:46,22.639,N,87.462,W,0
7/28/2011,1:51:45,22.642,N,87.467,W,0
7/28/2011,1:53:45,22.645,N,87.471,W,0
7/28/2011,1:55:46,22.648,N,87.476,W,0
7/28/2011,1:57:46,22.651,N,87.48,W,0
7/28/2011,1:59:45,22.654,N,87.485,W,0
7/28/2011,2:01:45,22.657,N,87.489,W,0
7/28/2011,2:03:46,22.661,N,87.494,W,0
7/28/2011,2:05:46,22.664,N,87.499,W,0
7/28/2011,2:07:45,22.667,N,87.503,W,0
7/28/2011,2:09:45,22.67,N,87.508,W,0
7/28/2011,2:11:46,22.673,N,87.512,W,0
7/28/2011,2:13:46,22.676,N,87.517,W,0
7/28/2011,2:15:45,22.679,N,87.522,W,0
7/28/2011,2:17:46,22.682,N,87.526,W,0
7/28/2011,2:19:46,22.685,N,87.531,W,0
7/28/2011,2:21:45,22.688,N,87.536,W,0
7/28/2011,2:23:45,22.691,N,87.54,W,0
7/28/2011,2:25:46,22.694,N,87.545,W,0
7/28/2011,2:27:46,22.698,N,87.55,W,0
7/28/2011,2:29:45,22.701,N,87.554,W,0
7/28/2011,2:31:45,22.704,N,87.559,W,0
7/28/2011,2:33:46,22.707,N,87.564,W,0
7/28/2011,2:35:46,22.71,N,87.569,W,0
7/28/2011,2:37:45,22.713,N,87.574,W,0
7/28/2011,2:39:45,22.716,N,87.578,W,0
7/28/2011,2:41:46,22.719,N,87.583,W,0
7/28/2011,2:43:46,22.722,N,87.588,W,0
7/28/2011,2:45:45,22.726,N,87.593,W,0
7/28/2011,2:47:46,22.729,N,87.598,W,0
7/28/2011,2:49:46,22.732,N,87.603,W,0
7/28/2011,2:51:45,22.735,N,87.607,W,0
7/28/2011,2:53:45,22.738,N,87.612,W,0
7/28/2011,2:55:46,22.741,N,87.617,W,0
7/28/2011,2:57:46,22.744,N,87.622,W,0
7/28/2011,2:59:45,22.747,N,87.627,W,0
7/28/2011,3:01:45,22.751,N,87.632,W,0
7/28/2011,3:03:46,22.754,N,87.637,W,0
7/28/2011,3:05:46,22.757,N,87.642,W,0
7/28/2011,3:07:45,22.76,N,87.647,W,0
7/28/2011,3:09:45,22.763,N,87.652,W,0
7/28/2011,3:11:46,22.766,N,87.657,W,0
7/28/2011,3:13:46,22.769,N,87.662,W,0
7/28/2011,3:15:45,22.773,N,87.667,W,0
7/28/2011,3:17:46,22.776,N,87.672,W,0
7/28/2011,3:19:46,22.779,N,87.677,W,0
7/28/2011,3:21:45,22.782,N,87.682,W,0
7/28/2011,3:23:45,22.785,N,87.687,W,0
7/28/2011,3:25:46,22.788,N,87.692,W,0
7/28/2011,3:27:46,22.791,N,87.697,W,0
7/28/2011,3:29:45,22.795,N,87.703,W,0
7/28/2011,3:31:45,22.798,N,87.708,W,0
7/28/2011,3:33:46,22.801,N,87.713,W,0
7/28/2011,3:35:46,22.804,N,87.718,W,0
7/28/2011,3:37:45,22.807,N,87.723,W,0
7/28/2011,3:39:45,22.81,N,87.729,W,0
7/28/2011,3:41:46,22.814,N,87.734,W,0
7/28/2011,3:43:46,22.817,N,87.739,W,0
7/28/2011,3:45:45,22.82,N,87.744,W,0
7/28/2011,3:47:46,22.823,N,87.75,W,0
7/28/2011,3:49:46,22.826,N,87.755,W,0
7/28/2011,3:51:45,22.83,N,87.76,W,0
7/28/2011,3:53:45,22.833,N,87.765,W,0
7/28/2011,3:55:46,22.836,N,87.771,W,0
7/28/2011,3:57:46,22.839,N,87.776,W,0
7/28/2011,3:59:45,22.842,N,87.782,W,0
7/28/2011,4:01:45,22.846,N,87.787,W,0
7/28/2011,4:03:46,22.849,N,87.792,W,0
7/28/2011,4:05:46,22.852,N,87.798,W,0
7/28/2011,4:07:45,22.855,N,87.803,W,0
7/28/2011,4:09:45,22.858,N,87.809,W,0
7/28/2011,4:11:46,22.862,N,87.814,W,0
7/28/2011,4:13:46,22.865,N,87.82,W,0
7/28/2011,4:15:45,22.868,N,87.825,W,0
7/28/2011,4:17:46,22.871,N,87.831,W,0
7/28/2011,4:19:46,22.875,N,87.836,W,0
7/28/2011,4:21:45,22.878,N,87.842,W,0
7/28/2011,4:23:45,22.881,N,87.847,W,0
7/28/2011,4:25:46,22.884,N,87.853,W,0
7/28/2011,4:27:46,22.887,N,87.858,W,0
7/28/2011,4:29:45,22.891,N,87.864,W,0
7/28/2011,4:31:45,22.894,N,87.87,W,0
7/28/2011,4:33:46,22.897,N,87.875,W,0
7/28/2011,4:35:46,22.9,N,87.881,W,0
7/28/2011,4:37:45,22.904,N,87.887,W,0
7/28/2011,4:39:45,22.907,N,87.892,W,0
7/28/2011,4:41:46,22.91,N,87.898,W,0
7/28/2011,4:43:46,22.913,N,87.904,W,0
7/28/2011,4:45:45,22.917,N,87.909,W,0
7/28/2011,4:47:46,22.92,N,87.915,W,0
7/28/2011,4:49:46,22.923,N,87.921,W,0
7/28/2011,4:51:45,22.926,N,87.927,W,0
7/28/2011,4:53:45,22.93,N,87.933,W,0
7/28/2011,4:55:46,22.933,N,87.938,W,0
7/28/2011,4:57:46,22.936,N,87.944,W,0
7/28/2011,4:59:45,22.94,N,87.95,W,0
7/28/2011,5:01:45,22.943,N,87.956,W,0
7/28/2011,5:03:46,22.946,N,87.962,W,0
7/28/2011,5:05:46,22.949,N,87.968,W,0
7/28/2011,5:07:45,22.953,N,87.974,W,0
7/28/2011,5:09:45,22.956,N,87.98,W,0
7/28/2011,5:11:46,22.959,N,87.986,W,0
7/28/2011,5:13:46,22.963,N,87.992,W,0
7/28/2011,5:15:45,22.966,N,87.998,W,0
7/28/2011,5:17:46,22.969,N,88.004,W,0
7/28/2011,5:19:46,22.973,N,88.01,W,0
7/28/2011,5:21:45,22.976,N,88.016,W,0
7/28/2011,5:23:45,22.979,N,88.022,W,0
7/28/2011,5:25:46,22.982,N,88.028,W,0
7/28/2011,5:27:46,22.986,N,88.034,W,0
7/28/2011,5:29:45,22.989,N,88.04,W,0
7/28/2011,5:31:45,22.992,N,88.046,W,0
7/28/2011,5:33:46,22.996,N,88.053,W,0
7/28/2011,5:35:46,22.999,N,88.059,W,0
7/28/2011,5:37:45,23.002,N,88.065,W,0
7/28/2011,5:39:45,23.006,N,88.071,W,0
7/28/2011,5:41:46,23.009,N,88.077,W,0
7/28/2011,5:43:46,23.012,N,88.084,W,0
7/28/2011,5:45:45,23.016,N,88.09,W,0
7/28/2011,5:47:46,23.019,N,88.096,W,0
7/28/2011,5:49:46,23.022,N,88.102,W,0
7/28/2011,5:51:45,23.026,N,88.109,W,0
7/28/2011,5:53:45,23.029,N,88.115,W,0
7/28/2011,5:55:46,23.033,N,88.121,W,0
7/28/2011,5:57:46,23.036,N,88.128,W,0
7/28/2011,5:59:45,23.039,N,88.134,W,0
7/28/2011,6:01:45,23.043,N,88.14,W,0
7/28/2011,6:03:46,23.046,N,88.147,W,0
7/28/2011,6:05:46,23.049,N,88.153,W,0
7/28/2011,6:07:45,23.053,N,88.16,W,0
7/28/2011,6:09:45,23.056,N,88.166,W,0
7/28/2011,6:11:46,23.059,N,88.172,W,0
7/28/2011,6:13:46,23.063,N,88.179,W,0
7/28/2011,6:15:45,23.066,N,88.185,W,0
7/28/2011,6:17:46,23.07,N,88.192,W,0
7/28/2011,6:19:46,23.073,N,88.198,W,0
7/28/2011,6:21:45,23.076,N,88.205,W,0
7/28/2011,6:23:45,23.08,N,88.211,W,0
7/28/2011,6:25:46,23.083,N,88.218,W,0
7/28/2011,6:27:46,23.087,N,88.225,W,0
7/28/2011,6:29:45,23.09,N,88.231,W,0
7/28/2011,6:31:45,23.093,N,88.238,W,0
7/28/2011,6:33:46,23.097,N,88.244,W,0
7/28/2011,6:35:46,23.1,N,88.251,W,0
7/28/2011,6:37:45,23.104,N,88.258,W,0
7/28/2011,6:39:45,23.107,N,88.264,W,0
7/28/2011,6:41:46,23.11,N,88.271,W,0
7/28/2011,6:43:46,23.114,N,88.278,W,0
7/28/2011,6:45:45,23.117,N,88.284,W,0
7/28/2011,6:47:46,23.121,N,88.291,W,0
7/28/2011,6:49:46,23.124,N,88.298,W,0
7/28/2011,6:51:45,23.127,N,88.305,W,0
7/28/2011,6:53:45,23.131,N,88.311,W,0
7/28/2011,6:55:46,23.134,N,88.318,W,0
7/28/2011,6:57:46,23.138,N,88.325,W,0
7/28/2011,6:59:45,23.141,N,88.332,W,0
7/28/2011,7:01:45,23.145,N,88.338,W,0
7/28/2011,7:03:46,23.148,N,88.345,W,0
7/28/2011,7:05:46,23.151,N,88.352,W,0
7/28/2011,7:07:45,23.155,N,88.359,W,0
7/28/2011,7:09:45,23.158,N,88.366,W,0
7/28/2011,7:11:46,23.162,N,88.373,W,0
7/28/2011,7:13:46,23.165,N,88.38,W,0
7/28/2011,7:15:45,23.169,N,88.387,W,0
7/28/2011,7:17:46,23.172,N,88.393,W,0
7/28/2011,7:19:46,23.176,N,88.4,W,0
7/28/2011,7:21:45,23.179,N,88.407,W,0
7/28/2011,7:23:45,23.182,N,88.414,W,0
7/28/2011,7:25:46,23.186,N,88.421,W,0
7/28/2011,7:27:46,23.189,N,88.428,W,0
7/28/2011,7:29:45,23.193,N,88.435,W,0
7/28/2011,7:31:45,23.196,N,88.442,W,0
7/28/2011,7:33:46,23.2,N,88.449,W,0
7/28/2011,7:35:46,23.203,N,88.456,W,0
7/28/2011,7:37:45,23.207,N,88.463,W,0
7/28/2011,7:39:45,23.21,N,88.47,W,0
7/28/2011,7:41:46,23.214,N,88.477,W,0
7/28/2011,7:43:46,23.217,N,88.484,W,0
7/28/2011,7:45:45,23.221,N,88.492,W,0
7/28/2011,7:47:46,23.224,N,88.499,W,0
7/28/2011,7:49:46,23.227,N,88.506,W,0
7/28/2011,7:51:45,23.231,N,88.513,W,0
7/28/2011,7:53:45,23.234,N,88.52,W,0
7/28/2011,7:55:46,23.238,N,88.527,W,0
7/28/2011,7:57:46,23.241,N,88.534,W,0
7/28/2011,7:59:45,23.245,N,88.541,W,0
7/28/2011,8:01:46,23.248,N,88.549,W,0
7/28/2011,8:03:46,23.252,N,88.556,W,0
7/28/2011,8:05:46,23.255,N,88.563,W,0
7/28/2011,8:07:45,23.259,N,88.57,W,0
7/28/2011,8:09:45,23.262,N,88.577,W,0
7/28/2011,8:11:45,23.266,N,88.585,W,0
7/28/2011,8:13:45,23.269,N,88.592,W,0
7/28/2011,8:15:46,23.273,N,88.599,W,0
7/28/2011,8:17:46,23.276,N,88.607,W,0
7/28/2011,8:19:46,23.28,N,88.614,W,0
7/28/2011,8:21:45,23.283,N,88.621,W,0
7/28/2011,8:23:45,23.287,N,88.628,W,0
7/28/2011,8:25:45,23.29,N,88.636,W,0
7/28/2011,8:27:45,23.294,N,88.643,W,0
7/28/2011,8:29:46,23.297,N,88.65,W,0
7/28/2011,8:31:46,23.301,N,88.658,W,0
7/28/2011,8:33:46,23.305,N,88.665,W,0
7/28/2011,8:35:46,23.308,N,88.672,W,0
7/28/2011,8:37:45,23.312,N,88.68,W,0
7/28/2011,8:39:45,23.315,N,88.687,W,0
7/28/2011,8:41:45,23.319,N,88.695,W,0
7/28/2011,8:43:45,23.322,N,88.702,W,0
7/28/2011,8:45:46,23.326,N,88.709,W,0
7/28/2011,8:47:46,23.329,N,88.717,W,0
7/28/2011,8:49:46,23.333,N,88.724,W,0
7/28/2011,8:51:45,23.336,N,88.732,W,0
7/28/2011,8:53:45,23.34,N,88.739,W,0
7/28/2011,8:55:45,23.343,N,88.747,W,0
7/28/2011,8:57:45,23.347,N,88.754,W,0
7/28/2011,8:59:46,23.35,N,88.762,W,0
7/28/2011,9:01:46,23.354,N,88.769,W,0
7/28/2011,9:03:46,23.357,N,88.777,W,0
7/28/2011,9:05:46,23.361,N,88.784,W,0
7/28/2011,9:07:45,23.365,N,88.792,W,0
7/28/2011,9:09:45,23.368,N,88.799,W,0
7/28/2011,9:11:45,23.372,N,88.807,W,0
7/28/2011,9:13:45,23.375,N,88.814,W,0
7/28/2011,9:15:46,23.379,N,88.822,W,0
7/28/2011,9:17:46,23.382,N,88.829,W,0
7/28/2011,9:19:46,23.386,N,88.837,W,0
7/28/2011,9:21:45,23.389,N,88.845,W,0
7/28/2011,9:23:45,23.393,N,88.852,W,0
7/28/2011,9:25:45,23.397,N,88.86,W,0
7/28/2011,9:27:45,23.4,N,88.867,W,0
7/28/2011,9:29:46,23.404,N,88.875,W,0
7/28/2011,9:31:46,23.407,N,88.883,W,0
7/28/2011,9:33:46,23.411,N,88.89,W,0
7/28/2011,9:35:46,23.414,N,88.898,W,0
7/28/2011,9:37:45,23.418,N,88.906,W,0
7/28/2011,9:39:45,23.421,N,88.913,W,0
7/28/2011,9:41:45,23.425,N,88.921,W,0
7/28/2011,9:43:45,23.429,N,88.929,W,0
7/28/2011,9:45:46,23.432,N,88.936,W,0
7/28/2011,9:47:46,23.436,N,88.944,W,0
7/28/2011,9:49:46,23.439,N,88.952,W,0
7/28/2011,9:51:45,23.443,N,88.959,W,0
7/28/2011,9:53:45,23.446,N,88.967,W,0
7/28/2011,9:55:45,23.45,N,88.975,W,0
7/28/2011,9:57:45,23.454,N,88.983,W,0
7/28/2011,9:59:46,23.457,N,88.99,W,0
7/28/2011,10:01:46,23.461,N,88.998,W,0
7/28/2011,10:03:46,23.464,N,89.006,W,0
7/28/2011,10:05:46,23.468,N,89.014,W,0
7/28/2011,10:07:45,23.472,N,89.021,W,0
7/28/2011,10:09:45,23.475,N,89.029,W,0
7/28/2011,10:11:45,23.479,N,89.037,W,0
7/28/2011,10:13:45,23.482,N,89.045,W,0
7/28/2011,10:15:46,23.486,N,89.053,W,0
7/28/2011,10:17:46,23.49,N,89.06,W,0
7/28/2011,10:19:46,23.493,N,89.068,W,0
7/28/2011,10:21:45,23.497,N,89.076,W,0
7/28/2011,10:23:45,23.5,N,89.084,W,0
7/28/2011,10:25:45,23.504,N,89.092,W,0
7/28/2011,10:27:45,23.507,N,89.099,W,0
7/28/2011,10:29:46,23.511,N,89.107,W,0
7/28/2011,10:31:46,23.515,N,89.115,W,0
7/28/2011,10:33:46,23.518,N,89.123,W,0
7/28/2011,10:35:46,23.522,N,89.131,W,0
7/28/2011,10:37:45,23.525,N,89.139,W,0
7/28/2011,10:39:45,23.529,N,89.147,W,0
7/28/2011,10:41:45,23.533,N,89.155,W,0
7/28/2011,10:43:45,23.536,N,89.162,W,0
7/28/2011,10:45:46,23.54,N,89.17,W,0
7/28/2011,10:47:46,23.544,N,89.178,W,0
7/28/2011,10:49:46,23.547,N,89.186,W,0
7/28/2011,10:51:45,23.551,N,89.194,W,0
7/28/2011,10:53:45,23.554,N,89.202,W,0
7/28/2011,10:55:45,23.558,N,89.21,W,0
7/28/2011,10:57:45,23.562,N,89.218,W,0
7/28/2011,10:59:46,23.565,N,89.226,W,0
7/28/2011,11:01:46,23.569,N,89.234,W,0
7/28/2011,11:03:46,23.572,N,89.242,W,0
7/28/2011,11:05:46,23.576,N,89.25,W,0
7/28/2011,11:07:45,23.58,N,89.258,W,0
7/28/2011,11:09:45,23.583,N,89.266,W,0
7/28/2011,11:11:45,23.587,N,89.274,W,0
7/28/2011,11:13:45,23.59,N,89.282,W,0
7/28/2011,11:15:46,23.594,N,89.29,W,0
7/28/2011,11:17:46,23.598,N,89.298,W,0
7/28/2011,11:19:46,23.601,N,89.306,W,0
7/28/2011,11:21:45,23.605,N,89.314,W,0
7/28/2011,11:23:45,23.609,N,89.322,W,0
7/28/2011,11:25:45,23.612,N,89.33,W,0
7/28/2011,11:27:45,23.616,N,89.338,W,0
7/28/2011,11:29:46,23.619,N,89.346,W,0
7/28/2011,11:31:46,23.623,N,89.354,W,0
7/28/2011,11:33:46,23.627,N,89.362,W,0
7/28/2011,11:35:46,23.63,N,89.37,W,0
7/28/2011,11:37:45,23.634,N,89.378,W,0
7/28/2011,11:39:45,23.638,N,89.386,W,0
7/28/2011,11:41:45,23.641,N,89.394,W,0
7/28/2011,11:43:45,23.645,N,89.402,W,0
7/28/2011,11:45:46,23.648,N,89.41,W,0
7/28/2011,11:47:46,23.652,N,89.418,W,0
7/28/2011,11:49:46,23.656,N,89.426,W,0
7/28/2011,11:51:45,23.659,N,89.434,W,0
7/28/2011,11:53:45,23.663,N,89.442,W,0
7/28/2011,11:55:45,23.667,N,89.45,W,0
7/28/2011,11:55:57,23.667,N,89.451,W,0
7/28/2011,11:57:57,23.674,N,89.459,W,0
7/28/2011,11:59:57,23.68,N,89.466,W,0
7/28/2011,12:01:57,23.687,N,89.474,W,0
7/28/2011,12:03:58,23.693,N,89.481,W,0
7/28/2011,12:05:58,23.699,N,89.489,W,0
7/28/2011,12:07:58,23.706,N,89.497,W,0
7/28/2011,12:09:57,23.712,N,89.504,W,0
7/28/2011,12:11:57,23.718,N,89.512,W,0
7/28/2011,12:13:57,23.724,N,89.519,W,0
7/28/2011,12:15:57,23.731,N,89.527,W,0
7/28/2011,12:17:58,23.737,N,89.535,W,0
7/28/2011,12:19:58,23.743,N,89.542,W,0
7/28/2011,12:21:58,23.749,N,89.55,W,0
7/28/2011,12:23:58,23.755,N,89.557,W,0
7/28/2011,12:25:57,23.761,N,89.565,W,0
7/28/2011,12:27:57,23.767,N,89.572,W,0
7/28/2011,12:29:57,23.773,N,89.58,W,0
7/28/2011,12:31:57,23.779,N,89.588,W,0
7/28/2011,12:33:58,23.785,N,89.595,W,0
7/28/2011,12:35:58,23.791,N,89.603,W,0
7/28/2011,12:37:58,23.796,N,89.61,W,0
7/28/2011,12:39:57,23.802,N,89.618,W,0
7/28/2011,12:41:57,23.808,N,89.625,W,0
7/28/2011,12:43:57,23.813,N,89.633,W,0
7/28/2011,12:45:57,23.819,N,89.641,W,0
7/28/2011,12:47:58,23.825,N,89.648,W,0
7/28/2011,12:49:58,23.83,N,89.656,W,0
7/28/2011,12:51:58,23.836,N,89.663,W,0
7/28/2011,12:53:58,23.842,N,89.671,W,0
7/28/2011,12:55:57,23.847,N,89.678,W,0
7/28/2011,12:57:57,23.852,N,89.686,W,0
7/28/2011,12:59:57,23.858,N,89.694,W,0
7/28/2011,13:01:57,23.863,N,89.701,W,0
7/28/2011,13:03:58,23.869,N,89.709,W,0
7/28/2011,13:05:58,23.874,N,89.716,W,0
7/28/2011,13:07:58,23.879,N,89.724,W,0
7/28/2011,13:09:57,23.885,N,89.731,W,0
7/28/2011,13:11:57,23.89,N,89.739,W,0
7/28/2011,13:13:57,23.895,N,89.746,W,0
7/28/2011,13:15:57,23.9,N,89.754,W,0
7/28/2011,13:17:58,23.906,N,89.761,W,0
7/28/2011,13:19:58,23.911,N,89.769,W,0
7/28/2011,13:21:58,23.916,N,89.777,W,0
7/28/2011,13:23:58,23.921,N,89.784,W,0
7/28/2011,13:25:57,23.926,N,89.792,W,0
7/28/2011,13:27:57,23.931,N,89.799,W,0
7/28/2011,13:29:57,23.936,N,89.807,W,0
7/28/2011,13:31:57,23.941,N,89.814,W,0
7/28/2011,13:33:58,23.946,N,89.822,W,0
7/28/2011,13:35:58,23.951,N,89.829,W,0
7/28/2011,13:37:58,23.956,N,89.837,W,0
7/28/2011,13:39:57,23.961,N,89.844,W,0
7/28/2011,13:41:57,23.966,N,89.852,W,0
7/28/2011,13:43:57,23.971,N,89.859,W,0
7/28/2011,13:45:57,23.976,N,89.867,W,0
7/28/2011,13:47:58,23.981,N,89.875,W,0
7/28/2011,13:49:58,23.985,N,89.882,W,0
7/28/2011,13:50:13,23.986,N,89.883,W,0
7/28/2011,13:52:12,23.991,N,89.891,W,0
7/28/2011,13:54:12,23.997,N,89.899,W,0
7/28/2011,13:56:12,24.002,N,89.907,W,0
7/28/2011,13:58:12,24.007,N,89.916,W,0
7/28/2011,14:00:13,24.012,N,89.924,W,0
7/28/2011,14:02:13,24.017,N,89.932,W,0
7/28/2011,14:04:13,24.023,N,89.94,W,0
7/28/2011,14:06:12,24.028,N,89.948,W,0
7/28/2011,14:08:12,24.033,N,89.956,W,0
7/28/2011,14:10:12,24.038,N,89.965,W,0
7/28/2011,14:12:12,24.043,N,89.973,W,0
7/28/2011,14:14:13,24.048,N,89.981,W,0
7/28/2011,14:16:13,24.053,N,89.989,W,0
7/28/2011,14:18:13,24.058,N,89.997,W,0
7/28/2011,14:20:13,24.063,N,90.005,W,0
7/28/2011,14:22:12,24.068,N,90.013,W,0
7/28/2011,14:24:12,24.073,N,90.022,W,0
7/28/2011,14:26:12,24.078,N,90.03,W,0
7/28/2011,14:28:12,24.082,N,90.038,W,0
7/28/2011,14:30:13,24.087,N,90.046,W,0
7/28/2011,14:32:13,24.092,N,90.054,W,0
7/28/2011,14:34:13,24.097,N,90.062,W,0
7/28/2011,14:36:12,24.102,N,90.07,W,0
7/28/2011,14:38:12,24.106,N,90.078,W,0
7/28/2011,14:40:12,24.111,N,90.086,W,0
7/28/2011,14:42:12,24.115,N,90.094,W,0
7/28/2011,14:44:13,24.12,N,90.102,W,0
7/28/2011,14:46:13,24.125,N,90.109,W,0
7/28/2011,14:48:13,24.129,N,90.117,W,0
7/28/2011,14:50:13,24.134,N,90.125,W,0
7/28/2011,14:52:12,24.138,N,90.133,W,0
7/28/2011,14:54:12,24.142,N,90.14,W,0
7/28/2011,14:56:12,24.147,N,90.148,W,0
7/28/2011,14:58:12,24.151,N,90.156,W,0
7/28/2011,15:00:13,24.155,N,90.163,W,0
7/28/2011,15:02:13,24.16,N,90.171,W,0
7/28/2011,15:04:13,24.164,N,90.178,W,0
7/28/2011,15:06:12,24.168,N,90.186,W,0
7/28/2011,15:08:12,24.172,N,90.193,W,0
7/28/2011,15:10:12,24.176,N,90.2,W,0
7/28/2011,15:12:12,24.18,N,90.207,W,0
7/28/2011,15:14:13,24.184,N,90.215,W,0
7/28/2011,15:16:13,24.188,N,90.222,W,0
7/28/2011,15:18:13,24.192,N,90.229,W,0
7/28/2011,15:20:13,24.196,N,90.236,W,0
7/28/2011,15:22:12,24.2,N,90.243,W,0
7/28/2011,15:24:12,24.203,N,90.249,W,0
7/28/2011,15:26:12,24.207,N,90.256,W,0
7/28/2011,15:28:12,24.211,N,90.263,W,0
7/28/2011,15:30:13,24.214,N,90.269,W,0
7/28/2011,15:32:13,24.218,N,90.276,W,0
7/28/2011,15:34:13,24.222,N,90.283,W,0
7/28/2011,15:36:12,24.225,N,90.289,W,0
7/28/2011,15:38:12,24.229,N,90.295,W,0
7/28/2011,15:40:12,24.232,N,90.302,W,0
7/28/2011,15:42:12,24.235,N,90.308,W,0
7/28/2011,15:44:13,24.239,N,90.314,W,0
7/28/2011,15:46:13,24.242,N,90.32,W,0
7/28/2011,15:48:13,24.245,N,90.326,W,0
7/28/2011,15:48:43,24.246,N,90.328,W,0
7/28/2011,15:50:43,24.25,N,90.334,W,0
7/28/2011,15:52:43,24.253,N,90.341,W,0
7/28/2011,15:54:44,24.257,N,90.347,W,0
7/28/2011,15:56:44,24.26,N,90.354,W,0
7/28/2011,15:58:44,24.264,N,90.36,W,0
7/28/2011,16:00:44,24.267,N,90.366,W,0
7/28/2011,16:02:43,24.271,N,90.372,W,0
7/28/2011,16:04:43,24.274,N,90.378,W,0
7/28/2011,16:06:43,24.277,N,90.385,W,0
7/28/2011,16:08:44,24.28,N,90.391,W,0
7/28/2011,16:10:44,24.284,N,90.396,W,0
7/28/2011,16:12:44,24.287,N,90.402,W,0
7/28/2011,16:14:44,24.29,N,90.408,W,0
7/28/2011,16:16:43,24.293,N,90.414,W,0
7/28/2011,16:18:43,24.296,N,90.42,W,0
7/28/2011,16:20:43,24.299,N,90.425,W,0
7/28/2011,16:22:43,24.302,N,90.431,W,0
7/28/2011,16:24:44,24.305,N,90.436,W,0
7/28/2011,16:26:44,24.308,N,90.442,W,0
7/28/2011,16:28:44,24.31,N,90.447,W,0
7/28/2011,16:30:44,24.313,N,90.452,W,0
7/28/2011,16:32:43,24.316,N,90.458,W,0
7/28/2011,16:34:43,24.318,N,90.463,W,0
7/28/2011,16:36:43,24.321,N,90.468,W,0
7/28/2011,16:38:44,24.324,N,90.473,W,0
7/28/2011,16:40:44,24.326,N,90.478,W,0
7/28/2011,16:42:44,24.328,N,90.483,W,0
7/28/2011,16:44:44,24.331,N,90.488,W,0
7/28/2011,16:46:43,24.333,N,90.493,W,0
7/28/2011,16:48:43,24.335,N,90.497,W,0
7/28/2011,16:50:43,24.338,N,90.502,W,0
7/28/2011,16:52:43,24.34,N,90.507,W,0
7/28/2011,16:54:44,24.342,N,90.511,W,0
7/28/2011,16:56:44,24.344,N,90.516,W,0
7/28/2011,16:58:44,24.346,N,90.52,W,0
7/28/2011,17:00:44,24.348,N,90.525,W,0
7/28/2011,17:02:43,24.35,N,90.529,W,0
7/28/2011,17:04:43,24.352,N,90.534,W,0
7/28/2011,17:04:54,24.352,N,90.534,W,0
7/28/2011,17:06:54,24.354,N,90.54,W,0
7/28/2011,17:08:55,24.356,N,90.545,W,0
7/28/2011,17:10:55,24.358,N,90.551,W,0
7/28/2011,17:12:55,24.36,N,90.556,W,0
7/28/2011,17:14:55,24.362,N,90.562,W,0
7/28/2011,17:16:54,24.363,N,90.567,W,0
7/28/2011,17:18:54,24.365,N,90.573,W,0
7/28/2011,17:20:54,24.367,N,90.578,W,0
7/28/2011,17:22:54,24.368,N,90.584,W,0
7/28/2011,17:24:55,24.37,N,90.589,W,0
7/28/2011,17:26:55,24.371,N,90.595,W,0
7/28/2011,17:28:55,24.372,N,90.601,W,0
7/28/2011,17:30:55,24.373,N,90.606,W,0
7/28/2011,17:32:54,24.375,N,90.612,W,0
7/28/2011,17:34:54,24.376,N,90.618,W,0
7/28/2011,17:36:54,24.377,N,90.623,W,0
7/28/2011,17:38:55,24.378,N,90.629,W,0
7/28/2011,17:40:55,24.378,N,90.635,W,0
7/28/2011,17:42:55,24.379,N,90.64,W,0
7/28/2011,17:44:55,24.38,N,90.646,W,0
7/28/2011,17:46:54,24.38,N,90.652,W,0
7/28/2011,17:48:54,24.381,N,90.657,W,0
7/28/2011,17:50:54,24.381,N,90.663,W,0
7/28/2011,17:52:54,24.382,N,90.669,W,0
7/28/2011,17:54:55,24.382,N,90.675,W,0
7/28/2011,17:56:55,24.382,N,90.68,W,0
7/28/2011,17:58:55,24.382,N,90.686,W,0
7/28/2011,18:00:55,24.382,N,90.692,W,0
7/28/2011,18:02:54,24.382,N,90.698,W,0
7/28/2011,18:04:54,24.382,N,90.704,W,0
7/28/2011,18:06:54,24.381,N,90.709,W,0
7/28/2011,18:08:55,24.381,N,90.715,W,0
7/28/2011,18:10:55,24.38,N,90.721,W,0
7/28/2011,18:12:55,24.38,N,90.727,W,0
7/28/2011,18:14:55,24.379,N,90.733,W,0
7/28/2011,18:16:54,24.378,N,90.739,W,0
7/28/2011,18:18:54,24.377,N,90.745,W,0
7/28/2011,18:20:54,24.376,N,90.751,W,0
7/28/2011,18:22:54,24.375,N,90.757,W,0
7/28/2011,18:24:55,24.373,N,90.763,W,0
7/28/2011,18:26:55,24.372,N,90.769,W,0
7/28/2011,18:28:55,24.37,N,90.775,W,0
7/28/2011,18:30:55,24.369,N,90.781,W,0
7/28/2011,18:32:54,24.367,N,90.787,W,0
7/28/2011,18:34:54,24.365,N,90.793,W,0
7/28/2011,18:36:54,24.363,N,90.799,W,0
7/28/2011,18:38:55,24.361,N,90.805,W,0
7/28/2011,18:40:55,24.359,N,90.811,W,0
7/28/2011,18:42:55,24.356,N,90.817,W,0
7/28/2011,18:44:55,24.354,N,90.823,W,0
7/28/2011,18:46:54,24.352,N,90.829,W,0
7/28/2011,18:48:54,24.349,N,90.835,W,0
7/28/2011,18:50:54,24.347,N,90.842,W,0
7/28/2011,18:52:54,24.344,N,90.848,W,0
7/28/2011,18:54:55,24.341,N,90.854,W,0
7/28/2011,18:56:55,24.338,N,90.86,W,0
7/28/2011,18:58:55,24.336,N,90.866,W,0
7/28/2011,19:00:55,24.333,N,90.873,W,0
7/28/2011,19:02:54,24.33,N,90.879,W,0
7/28/2011,19:04:54,24.327,N,90.885,W,0
7/28/2011,19:06:54,24.324,N,90.891,W,0
7/28/2011,19:08:55,24.32,N,90.898,W,0
7/28/2011,19:10:55,24.317,N,90.904,W,0
7/28/2011,19:12:55,24.314,N,90.91,W,0
7/28/2011,19:14:55,24.311,N,90.916,W,0
7/28/2011,19:16:54,24.308,N,90.923,W,0
7/28/2011,19:18:54,24.304,N,90.929,W,0
7/28/2011,19:20:54,24.301,N,90.935,W,0
7/28/2011,19:22:54,24.298,N,90.942,W,0
7/28/2011,19:24:55,24.294,N,90.948,W,0
7/28/2011,19:26:55,24.291,N,90.954,W,0
7/28/2011,19:28:55,24.287,N,90.961,W,0
7/28/2011,19:30:55,24.284,N,90.967,W,0
7/28/2011,19:32:54,24.281,N,90.974,W,0
7/28/2011,19:34:54,24.277,N,90.98,W,0
7/28/2011,19:36:54,24.274,N,90.986,W,0
7/28/2011,19:38:55,24.27,N,90.993,W,0
7/28/2011,19:40:55,24.267,N,90.999,W,0
7/28/2011,19:42:55,24.263,N,91.006,W,0
7/28/2011,19:44:55,24.26,N,91.012,W,0
7/28/2011,19:46:54,24.257,N,91.019,W,0
7/28/2011,19:48:54,24.253,N,91.025,W,0
7/28/2011,19:50:54,24.25,N,91.032,W,0
7/28/2011,19:52:54,24.247,N,91.038,W,0
7/28/2011,19:54:55,24.243,N,91.044,W,0
7/28/2011,19:56:55,24.24,N,91.051,W,0
7/28/2011,19:58:55,24.237,N,91.057,W,0
7/28/2011,20:00:55,24.234,N,91.064,W,0
7/28/2011,20:02:54,24.231,N,91.07,W,0
7/28/2011,20:04:54,24.227,N,91.077,W,0
7/28/2011,20:06:54,24.224,N,91.083,W,0
7/28/2011,20:08:55,24.221,N,91.09,W,0
7/28/2011,20:10:55,24.218,N,91.096,W,0
7/28/2011,20:12:55,24.215,N,91.103,W,0
7/28/2011,20:14:55,24.213,N,91.11,W,0
7/28/2011,20:16:54,24.21,N,91.116,W,0
7/28/2011,20:18:54,24.207,N,91.123,W,0
7/28/2011,20:20:54,24.205,N,91.129,W,0
7/28/2011,20:22:54,24.202,N,91.136,W,0
7/28/2011,20:24:55,24.199,N,91.142,W,0
7/28/2011,20:26:55,24.197,N,91.149,W,0
7/28/2011,20:28:55,24.195,N,91.155,W,0
7/28/2011,20:30:55,24.192,N,91.162,W,0
7/28/2011,20:32:54,24.19,N,91.168,W,0
7/28/2011,20:34:54,24.188,N,91.175,W,0
7/28/2011,20:36:54,24.186,N,91.182,W,0
7/28/2011,20:38:55,24.184,N,91.188,W,0
7/28/2011,20:40:55,24.183,N,91.195,W,0
7/28/2011,20:42:55,24.181,N,91.201,W,0
7/28/2011,20:44:55,24.179,N,91.208,W,0
7/28/2011,20:46:54,24.178,N,91.215,W,0
7/28/2011,20:48:54,24.177,N,91.221,W,0
7/28/2011,20:50:54,24.175,N,91.228,W,0
7/28/2011,20:52:54,24.174,N,91.234,W,0
7/28/2011,20:54:55,24.173,N,91.241,W,0
7/28/2011,20:56:55,24.173,N,91.247,W,0
7/28/2011,20:58:55,24.172,N,91.254,W,0
7/28/2011,21:00:55,24.171,N,91.261,W,0
7/28/2011,21:02:54,24.171,N,91.267,W,0
7/28/2011,21:04:54,24.171,N,91.274,W,0
7/28/2011,21:06:54,24.17,N,91.28,W,0
7/28/2011,21:08:55,24.17,N,91.287,W,0
7/28/2011,21:10:55,24.17,N,91.293,W,0
7/28/2011,21:12:55,24.171,N,91.3,W,0
7/28/2011,21:14:55,24.171,N,91.307,W,0
7/28/2011,21:16:54,24.171,N,91.313,W,0
7/28/2011,21:18:54,24.172,N,91.32,W,0
7/28/2011,21:20:54,24.173,N,91.326,W,0
7/28/2011,21:22:54,24.174,N,91.333,W,0
7/28/2011,21:24:55,24.175,N,91.34,W,0
7/28/2011,21:26:55,24.176,N,91.346,W,0
7/28/2011,21:28:55,24.177,N,91.353,W,0
7/28/2011,21:30:55,24.178,N,91.359,W,0
7/28/2011,21:32:54,24.179,N,91.366,W,0
7/28/2011,21:34:54,24.181,N,91.372,W,0
7/28/2011,21:36:54,24.182,N,91.379,W,0
7/28/2011,21:38:55,24.184,N,91.386,W,0
7/28/2011,21:40:55,24.186,N,91.392,W,0
7/28/2011,21:42:55,24.188,N,91.399,W,0
7/28/2011,21:44:55,24.19,N,91.405,W,0
7/28/2011,21:46:54,24.192,N,91.412,W,0
7/28/2011,21:48:54,24.194,N,91.419,W,0
7/28/2011,21:50:54,24.196,N,91.425,W,0
7/28/2011,21:52:54,24.199,N,91.432,W,0
7/28/2011,21:53:55,24.2,N,91.435,W,0
7/28/2011,21:55:55,24.207,N,91.444,W,0
7/28/2011,21:57:56,24.215,N,91.453,W,0
7/28/2011,21:59:56,24.222,N,91.462,W,0
7/28/2011,22:01:56,24.228,N,91.471,W,0
7/28/2011,22:03:56,24.235,N,91.479,W,0
7/28/2011,22:05:55,24.242,N,91.488,W,0
7/28/2011,22:07:55,24.248,N,91.496,W,0
7/28/2011,22:09:55,24.254,N,91.505,W,0
7/28/2011,22:11:56,24.26,N,91.513,W,0
7/28/2011,22:13:56,24.266,N,91.521,W,0
7/28/2011,22:15:56,24.272,N,91.529,W,0
7/28/2011,22:17:56,24.277,N,91.536,W,0
7/28/2011,22:19:55,24.282,N,91.544,W,0
7/28/2011,22:21:55,24.288,N,91.551,W,0
7/28/2011,22:23:55,24.293,N,91.559,W,0
7/28/2011,22:25:55,24.298,N,91.566,W,0
7/28/2011,22:27:56,24.302,N,91.573,W,0
7/28/2011,22:29:56,24.307,N,91.581,W,0
7/28/2011,22:31:56,24.312,N,91.588,W,0
7/28/2011,22:33:56,24.316,N,91.594,W,0
7/28/2011,22:35:55,24.32,N,91.601,W,0
7/28/2011,22:37:55,24.324,N,91.608,W,0
7/28/2011,22:39:55,24.328,N,91.615,W,0
7/28/2011,22:41:56,24.332,N,91.621,W,0
7/28/2011,22:43:56,24.336,N,91.628,W,0
7/28/2011,22:45:56,24.34,N,91.634,W,0
7/28/2011,22:47:56,24.343,N,91.64,W,0
7/28/2011,22:49:55,24.347,N,91.646,W,0
7/28/2011,22:51:55,24.35,N,91.652,W,0
7/28/2011,22:53:55,24.353,N,91.658,W,0
7/28/2011,22:55:55,24.356,N,91.664,W,0
7/28/2011,22:57:56,24.359,N,91.67,W,0
7/28/2011,22:59:56,24.362,N,91.676,W,0
7/28/2011,23:01:56,24.365,N,91.682,W,0
7/28/2011,23:03:56,24.368,N,91.687,W,0
7/28/2011,23:05:55,24.37,N,91.693,W,0
7/28/2011,23:07:55,24.373,N,91.698,W,0
7/28/2011,23:09:55,24.375,N,91.704,W,0
7/28/2011,23:11:56,24.378,N,91.709,W,0
7/28/2011,23:13:56,24.38,N,91.715,W,0
7/28/2011,23:15:56,24.382,N,91.72,W,0
7/28/2011,23:17:56,24.384,N,91.725,W,0
7/28/2011,23:19:55,24.386,N,91.73,W,0
7/28/2011,23:21:55,24.388,N,91.735,W,0
7/28/2011,23:23:55,24.39,N,91.74,W,0
7/28/2011,23:25:55,24.392,N,91.745,W,0
7/28/2011,23:27:56,24.394,N,91.75,W,0
7/28/2011,23:29:56,24.396,N,91.755,W,0
7/28/2011,23:31:56,24.397,N,91.76,W,0
7/28/2011,23:33:56,24.399,N,91.765,W,0
7/28/2011,23:35:10,24.4,N,91.768,W,0
7/28/2011,23:37:10,24.402,N,91.773,W,0
7/28/2011,23:39:11,24.403,N,91.778,W,0
7/28/2011,23:41:11,24.405,N,91.782,W,0
7/28/2011,23:43:11,24.406,N,91.787,W,0
7/28/2011,23:45:11,24.408,N,91.792,W,0
7/28/2011,23:47:10,24.409,N,91.796,W,0
7/28/2011,23:49:10,24.41,N,91.801,W,0
7/28/2011,23:51:10,24.412,N,91.806,W,0
7/28/2011,23:53:11,24.413,N,91.81,W,0
7/28/2011,23:55:11,24.414,N,91.815,W,0
7/28/2011,23:57:11,24.415,N,91.819,W,0
7/28/2011,23:59:11,24.417,N,91.824,W,0
7/29/2011,0:01:10,24.418,N,91.828,W,0
7/29/2011,0:03:10,24.419,N,91.833,W,0
7/29/2011,0:05:10,24.42,N,91.837,W,0
7/29/2011,0:07:10,24.421,N,91.842,W,0
7/29/2011,0:09:11,24.423,N,91.846,W,0
7/29/2011,0:09:59,24.423,N,91.848,W,0
7/29/2011,0:11:59,24.424,N,91.853,W,0
7/29/2011,0:13:58,24.426,N,91.857,W,0
7/29/2011,0:15:58,24.428,N,91.862,W,0
7/29/2011,0:17:58,24.429,N,91.867,W,0
7/29/2011,0:19:59,24.431,N,91.872,W,0
7/29/2011,0:21:59,24.432,N,91.877,W,0
7/29/2011,0:23:59,24.434,N,91.882,W,0
7/29/2011,0:25:59,24.436,N,91.887,W,0
7/29/2011,0:27:58,24.438,N,91.892,W,0
7/29/2011,0:29:58,24.439,N,91.897,W,0
7/29/2011,0:31:58,24.441,N,91.902,W,0
7/29/2011,0:33:58,24.443,N,91.907,W,0
7/29/2011,0:35:59,24.445,N,91.912,W,0
7/29/2011,0:37:59,24.447,N,91.917,W,0
7/29/2011,0:39:59,24.449,N,91.922,W,0
7/29/2011,0:41:59,24.451,N,91.927,W,0
7/29/2011,0:43:58,24.454,N,91.933,W,0
7/29/2011,0:45:58,24.456,N,91.938,W,0
7/29/2011,0:47:58,24.458,N,91.943,W,0
7/29/2011,0:49:59,24.46,N,91.949,W,0
7/29/2011,0:51:59,24.463,N,91.954,W,0
7/29/2011,0:53:59,24.465,N,91.96,W,0
7/29/2011,0:55:59,24.468,N,91.965,W,0
7/29/2011,0:57:58,24.47,N,91.971,W,0
7/29/2011,0:59:58,24.473,N,91.976,W,0
7/29/2011,1:01:58,24.476,N,91.982,W,0
7/29/2011,1:03:58,24.478,N,91.988,W,0
7/29/2011,1:05:59,24.481,N,91.994,W,0
7/29/2011,1:07:59,24.484,N,92,W,0
7/29/2011,1:09:59,24.487,N,92.005,W,0
7/29/2011,1:11:59,24.49,N,92.011,W,0
7/29/2011,1:13:58,24.493,N,92.017,W,0
7/29/2011,1:15:58,24.496,N,92.023,W,0
7/29/2011,1:17:58,24.499,N,92.029,W,0
7/29/2011,1:19:59,24.502,N,92.035,W,0
7/29/2011,1:21:59,24.506,N,92.042,W,0
7/29/2011,1:23:59,24.509,N,92.048,W,0
7/29/2011,1:25:59,24.512,N,92.054,W,0
7/29/2011,1:27:58,24.515,N,92.06,W,0
7/29/2011,1:29:58,24.519,N,92.066,W,0
7/29/2011,1:31:58,24.522,N,92.072,W,0
7/29/2011,1:33:58,24.525,N,92.079,W,0
7/29/2011,1:35:59,24.528,N,92.085,W,0
7/29/2011,1:37:59,24.532,N,92.091,W,0
7/29/2011,1:39:59,24.535,N,92.097,W,0
7/29/2011,1:41:59,24.538,N,92.104,W,0
7/29/2011,1:43:58,24.542,N,92.11,W,0
7/29/2011,1:45:58,24.545,N,92.116,W,0
7/29/2011,1:47:58,24.549,N,92.122,W,0
7/29/2011,1:49:59,24.552,N,92.129,W,0
7/29/2011,1:51:59,24.555,N,92.135,W,0
7/29/2011,1:53:59,24.559,N,92.141,W,0
7/29/2011,1:54:17,24.559,N,92.142,W,0
7/29/2011,1:56:17,24.561,N,92.147,W,0
7/29/2011,1:58:17,24.564,N,92.153,W,0
7/29/2011,2:00:17,24.566,N,92.158,W,0
7/29/2011,2:02:16,24.568,N,92.163,W,0
7/29/2011,2:04:16,24.57,N,92.168,W,0
7/29/2011,2:06:16,24.572,N,92.173,W,0
7/29/2011,2:08:16,24.574,N,92.178,W,0
7/29/2011,2:10:17,24.577,N,92.184,W,0
7/29/2011,2:12:17,24.579,N,92.189,W,0
7/29/2011,2:14:17,24.581,N,92.194,W,0
7/29/2011,2:16:17,24.583,N,92.199,W,0
7/29/2011,2:18:16,24.585,N,92.204,W,0
7/29/2011,2:20:16,24.587,N,92.209,W,0
7/29/2011,2:22:16,24.589,N,92.214,W,0
7/29/2011,2:24:17,24.591,N,92.22,W,0
7/29/2011,2:26:17,24.593,N,92.225,W,0
7/29/2011,2:28:17,24.596,N,92.23,W,0
7/29/2011,2:30:17,24.598,N,92.235,W,0
7/29/2011,2:32:16,24.6,N,92.24,W,0
7/29/2011,2:34:16,24.602,N,92.245,W,0
7/29/2011,2:36:16,24.604,N,92.251,W,0
7/29/2011,2:38:16,24.606,N,92.256,W,0
7/29/2011,2:40:17,24.608,N,92.261,W,0
7/29/2011,2:42:17,24.61,N,92.266,W,0
7/29/2011,2:44:17,24.613,N,92.272,W,0
7/29/2011,2:46:17,24.615,N,92.277,W,0
7/29/2011,2:48:16,24.617,N,92.282,W,0
7/29/2011,2:50:16,24.619,N,92.288,W,0
7/29/2011,2:52:16,24.622,N,92.293,W,0
7/29/2011,2:54:17,24.624,N,92.299,W,0
7/29/2011,2:56:17,24.626,N,92.304,W,0
7/29/2011,2:58:17,24.628,N,92.31,W,0
7/29/2011,3:00:17,24.631,N,92.315,W,0
7/29/2011,3:02:16,24.633,N,92.321,W,0
7/29/2011,3:04:16,24.636,N,92.326,W,0
7/29/2011,3:06:16,24.638,N,92.332,W,0
7/29/2011,3:08:16,24.64,N,92.338,W,0
7/29/2011,3:10:17,24.643,N,92.344,W,0
7/29/2011,3:12:17,24.645,N,92.35,W,0
7/29/2011,3:14:17,24.648,N,92.356,W,0
7/29/2011,3:16:17,24.651,N,92.362,W,0
7/29/2011,3:18:16,24.653,N,92.368,W,0
7/29/2011,3:20:16,24.656,N,92.374,W,0
7/29/2011,3:22:16,24.659,N,92.38,W,0
7/29/2011,3:24:17,24.662,N,92.386,W,0
7/29/2011,3:26:17,24.664,N,92.393,W,0
7/29/2011,3:28:17,24.667,N,92.399,W,0
7/29/2011,3:30:17,24.67,N,92.405,W,0
7/29/2011,3:32:16,24.673,N,92.412,W,0
7/29/2011,3:34:16,24.676,N,92.419,W,0
7/29/2011,3:36:16,24.679,N,92.425,W,0
7/29/2011,3:38:16,24.682,N,92.432,W,0
7/29/2011,3:40:17,24.686,N,92.439,W,0
7/29/2011,3:41:40,24.688,N,92.444,W,0
7/29/2011,3:43:40,24.691,N,92.451,W,0
7/29/2011,3:45:41,24.694,N,92.457,W,0
7/29/2011,3:47:41,24.697,N,92.464,W,0
7/29/2011,3:49:41,24.701,N,92.471,W,0
7/29/2011,3:51:41,24.704,N,92.478,W,0
7/29/2011,3:53:40,24.707,N,92.485,W,0
7/29/2011,3:55:40,24.711,N,92.492,W,0
7/29/2011,3:57:40,24.714,N,92.499,W,0
7/29/2011,3:59:40,24.718,N,92.507,W,0
7/29/2011,4:01:41,24.721,N,92.514,W,0
7/29/2011,4:03:41,24.725,N,92.521,W,0
7/29/2011,4:05:41,24.728,N,92.529,W,0
7/29/2011,4:07:41,24.732,N,92.536,W,0
7/29/2011,4:09:40,24.735,N,92.544,W,0
7/29/2011,4:11:40,24.739,N,92.551,W,0
7/29/2011,4:13:40,24.743,N,92.559,W,0
7/29/2011,4:15:41,24.747,N,92.567,W,0
7/29/2011,4:17:41,24.751,N,92.575,W,0
7/29/2011,4:19:41,24.755,N,92.583,W,0
7/29/2011,4:21:41,24.759,N,92.591,W,0
7/29/2011,4:23:40,24.763,N,92.599,W,0
7/29/2011,4:25:40,24.767,N,92.607,W,0
7/29/2011,4:27:40,24.771,N,92.615,W,0
7/29/2011,4:29:40,24.775,N,92.623,W,0
7/29/2011,4:31:41,24.779,N,92.632,W,0
7/29/2011,4:33:41,24.784,N,92.64,W,0
7/29/2011,4:35:41,24.788,N,92.649,W,0
7/29/2011,4:37:41,24.793,N,92.658,W,0
7/29/2011,4:39:40,24.797,N,92.666,W,0
7/29/2011,4:41:40,24.802,N,92.675,W,0
7/29/2011,4:43:40,24.806,N,92.684,W,0
7/29/2011,4:45:41,24.811,N,92.693,W,0
7/29/2011,4:47:41,24.816,N,92.702,W,0
7/29/2011,4:49:41,24.82,N,92.712,W,0
7/29/2011,4:51:41,24.825,N,92.721,W,0
7/29/2011,4:53:40,24.83,N,92.73,W,0
7/29/2011,4:55:40,24.835,N,92.74,W,0
7/29/2011,4:57:40,24.84,N,92.75,W,0
7/29/2011,4:59:40,24.845,N,92.759,W,0
7/29/2011,5:01:41,24.851,N,92.769,W,0
7/29/2011,5:03:41,24.856,N,92.779,W,0
7/29/2011,5:05:41,24.861,N,92.789,W,0
7/29/2011,5:07:41,24.867,N,92.799,W,0
7/29/2011,5:09:40,24.872,N,92.81,W,0
7/29/2011,5:11:40,24.878,N,92.82,W,0
7/29/2011,5:13:40,24.883,N,92.83,W,0
7/29/2011,5:15:41,24.889,N,92.841,W,0
7/29/2011,5:17:41,24.895,N,92.852,W,0
7/29/2011,5:19:41,24.9,N,92.862,W,0
7/29/2011,5:21:41,24.906,N,92.873,W,0
7/29/2011,5:23:40,24.912,N,92.884,W,0
7/29/2011,5:25:40,24.918,N,92.895,W,0
7/29/2011,5:27:40,24.924,N,92.906,W,0
7/29/2011,5:29:40,24.931,N,92.918,W,0
7/29/2011,5:31:41,24.937,N,92.929,W,0
7/29/2011,5:33:41,24.943,N,92.941,W,0
7/29/2011,5:35:41,24.949,N,92.952,W,0
7/29/2011,5:36:10,24.951,N,92.955,W,0
7/29/2011,5:38:11,24.956,N,92.964,W,0
7/29/2011,5:40:11,24.96,N,92.973,W,0
7/29/2011,5:42:11,24.965,N,92.981,W,0
7/29/2011,5:44:11,24.969,N,92.99,W,0
7/29/2011,5:46:10,24.974,N,92.999,W,0
7/29/2011,5:48:10,24.978,N,93.007,W,0
7/29/2011,5:50:10,24.983,N,93.016,W,0
7/29/2011,5:52:10,24.987,N,93.025,W,0
7/29/2011,5:54:11,24.992,N,93.034,W,0
7/29/2011,5:56:11,24.996,N,93.042,W,0
7/29/2011,5:58:11,25.001,N,93.051,W,0
7/29/2011,6:00:11,25.005,N,93.06,W,0
7/29/2011,6:02:10,25.01,N,93.068,W,0
7/29/2011,6:04:10,25.014,N,93.077,W,0
7/29/2011,6:06:10,25.019,N,93.085,W,0
7/29/2011,6:08:11,25.023,N,93.094,W,0
7/29/2011,6:10:11,25.028,N,93.103,W,0
7/29/2011,6:12:11,25.032,N,93.111,W,0
7/29/2011,6:14:11,25.037,N,93.12,W,0
7/29/2011,6:16:10,25.041,N,93.128,W,0
7/29/2011,6:18:10,25.046,N,93.137,W,0
7/29/2011,6:20:10,25.05,N,93.146,W,0
7/29/2011,6:22:10,25.054,N,93.154,W,0
7/29/2011,6:24:11,25.059,N,93.163,W,0
7/29/2011,6:26:11,25.063,N,93.171,W,0
7/29/2011,6:28:11,25.068,N,93.18,W,0
7/29/2011,6:30:11,25.072,N,93.188,W,0
7/29/2011,6:32:10,25.077,N,93.197,W,0
7/29/2011,6:34:10,25.081,N,93.205,W,0
7/29/2011,6:36:10,25.085,N,93.213,W,0
7/29/2011,6:38:11,25.09,N,93.222,W,0
7/29/2011,6:40:11,25.094,N,93.23,W,0
7/29/2011,6:42:11,25.099,N,93.239,W,0
7/29/2011,6:44:11,25.103,N,93.247,W,0
7/29/2011,6:46:10,25.108,N,93.256,W,0
7/29/2011,6:48:10,25.112,N,93.264,W,0
7/29/2011,6:50:10,25.116,N,93.272,W,0
7/29/2011,6:52:10,25.121,N,93.281,W,0
7/29/2011,6:54:11,25.125,N,93.289,W,0
7/29/2011,6:56:11,25.129,N,93.297,W,0
7/29/2011,6:58:11,25.134,N,93.306,W,0
7/29/2011,7:00:11,25.138,N,93.314,W,0
7/29/2011,7:02:10,25.143,N,93.322,W,0
7/29/2011,7:04:10,25.147,N,93.33,W,0
7/29/2011,7:06:10,25.151,N,93.339,W,0
7/29/2011,7:08:11,25.156,N,93.347,W,0
7/29/2011,7:10:11,25.16,N,93.355,W,0
7/29/2011,7:12:11,25.164,N,93.363,W,0
7/29/2011,7:14:11,25.169,N,93.371,W,0
7/29/2011,7:16:10,25.173,N,93.38,W,0
7/29/2011,7:18:10,25.177,N,93.388,W,0
7/29/2011,7:20:10,25.182,N,93.396,W,0
7/29/2011,7:22:10,25.186,N,93.404,W,0
7/29/2011,7:24:11,25.19,N,93.412,W,0
7/29/2011,7:26:11,25.194,N,93.42,W,0
7/29/2011,7:28:11,25.199,N,93.428,W,0
7/29/2011,7:30:11,25.203,N,93.436,W,0
7/29/2011,7:32:10,25.207,N,93.444,W,0
7/29/2011,7:34:10,25.212,N,93.452,W,0
7/29/2011,7:36:10,25.216,N,93.46,W,0
7/29/2011,7:38:11,25.22,N,93.468,W,0
7/29/2011,7:40:11,25.225,N,93.476,W,0
7/29/2011,7:42:11,25.229,N,93.484,W,0
7/29/2011,7:44:11,25.233,N,93.492,W,0
7/29/2011,7:46:10,25.237,N,93.5,W,0
7/29/2011,7:48:10,25.242,N,93.508,W,0
7/29/2011,7:50:10,25.246,N,93.516,W,0
7/29/2011,7:52:10,25.25,N,93.524,W,0
7/29/2011,7:54:11,25.255,N,93.532,W,0
7/29/2011,7:56:11,25.259,N,93.54,W,0
7/29/2011,7:58:11,25.263,N,93.547,W,0
7/29/2011,8:00:11,25.267,N,93.555,W,0
7/29/2011,8:02:10,25.272,N,93.563,W,0
7/29/2011,8:04:10,25.276,N,93.571,W,0
7/29/2011,8:06:10,25.28,N,93.578,W,0
7/29/2011,8:08:11,25.285,N,93.586,W,0
7/29/2011,8:10:11,25.289,N,93.594,W,0
7/29/2011,8:12:11,25.293,N,93.602,W,0
7/29/2011,8:14:11,25.297,N,93.609,W,0
7/29/2011,8:16:10,25.302,N,93.617,W,0
7/29/2011,8:18:10,25.306,N,93.625,W,0
7/29/2011,8:20:10,25.31,N,93.632,W,0
7/29/2011,8:22:10,25.315,N,93.64,W,0
7/29/2011,8:24:11,25.319,N,93.648,W,0
7/29/2011,8:26:11,25.323,N,93.655,W,0
7/29/2011,8:28:11,25.328,N,93.663,W,0
7/29/2011,8:30:11,25.332,N,93.67,W,0
7/29/2011,8:32:10,25.336,N,93.678,W,0
7/29/2011,8:34:10,25.341,N,93.685,W,0
7/29/2011,8:36:10,25.345,N,93.693,W,0
7/29/2011,8:38:11,25.349,N,93.7,W,0
7/29/2011,8:40:11,25.353,N,93.708,W,0
7/29/2011,8:42:11,25.358,N,93.715,W,0
7/29/2011,8:44:11,25.362,N,93.722,W,0
7/29/2011,8:46:10,25.367,N,93.73,W,0
7/29/2011,8:48:10,25.371,N,93.737,W,0
7/29/2011,8:50:10,25.375,N,93.745,W,0
7/29/2011,8:52:10,25.38,N,93.752,W,0
7/29/2011,8:54:11,25.384,N,93.759,W,0
7/29/2011,8:56:11,25.388,N,93.767,W,0
7/29/2011,8:58:11,25.393,N,93.774,W,0
7/29/2011,9:00:11,25.397,N,93.781,W,0
7/29/2011,9:02:10,25.401,N,93.788,W,0
7/29/2011,9:04:10,25.406,N,93.796,W,0
7/29/2011,9:06:10,25.41,N,93.803,W,0
7/29/2011,9:08:11,25.415,N,93.81,W,0
7/29/2011,9:10:11,25.419,N,93.817,W,0
7/29/2011,9:12:11,25.424,N,93.824,W,0
7/29/2011,9:14:11,25.428,N,93.831,W,0
7/29/2011,9:16:10,25.432,N,93.838,W,0
7/29/2011,9:18:10,25.437,N,93.846,W,0
7/29/2011,9:20:10,25.441,N,93.853,W,0
7/29/2011,9:22:10,25.446,N,93.86,W,0
7/29/2011,9:24:11,25.45,N,93.867,W,0
7/29/2011,9:26:11,25.455,N,93.874,W,0
7/29/2011,9:28:11,25.459,N,93.881,W,0
7/29/2011,9:30:11,25.464,N,93.888,W,0
7/29/2011,9:32:10,25.468,N,93.894,W,0
7/29/2011,9:34:10,25.473,N,93.901,W,0
7/29/2011,9:36:10,25.477,N,93.908,W,0
7/29/2011,9:38:11,25.482,N,93.915,W,0
7/29/2011,9:40:11,25.486,N,93.922,W,0
7/29/2011,9:42:11,25.491,N,93.929,W,0
7/29/2011,9:44:11,25.495,N,93.936,W,0
7/29/2011,9:46:10,25.5,N,93.942,W,0
7/29/2011,9:48:10,25.505,N,93.949,W,0
7/29/2011,9:50:10,25.509,N,93.956,W,0
7/29/2011,9:52:10,25.514,N,93.963,W,0
7/29/2011,9:54:11,25.518,N,93.969,W,0
7/29/2011,9:56:11,25.523,N,93.976,W,0
7/29/2011,9:58:11,25.528,N,93.983,W,0
7/29/2011,10:00:11,25.532,N,93.989,W,0
7/29/2011,10:02:10,25.537,N,93.996,W,0
7/29/2011,10:04:10,25.542,N,94.003,W,0
7/29/2011,10:06:10,25.546,N,94.009,W,0
7/29/2011,10:08:11,25.551,N,94.016,W,0
7/29/2011,10:10:11,25.556,N,94.022,W,0
7/29/2011,10:12:11,25.561,N,94.029,W,0
7/29/2011,10:14:11,25.565,N,94.035,W,0
7/29/2011,10:16:10,25.57,N,94.042,W,0
7/29/2011,10:18:10,25.575,N,94.048,W,0
7/29/2011,10:20:10,25.58,N,94.054,W,0
7/29/2011,10:22:10,25.584,N,94.061,W,0
7/29/2011,10:24:11,25.589,N,94.067,W,0
7/29/2011,10:26:11,25.594,N,94.074,W,0
7/29/2011,10:28:11,25.599,N,94.08,W,0
7/29/2011,10:30:11,25.604,N,94.086,W,0
7/29/2011,10:32:10,25.609,N,94.092,W,0
7/29/2011,10:34:10,25.614,N,94.099,W,0
7/29/2011,10:36:10,25.618,N,94.105,W,0
7/29/2011,10:38:11,25.623,N,94.111,W,0
7/29/2011,10:40:11,25.628,N,94.117,W,0
7/29/2011,10:42:11,25.633,N,94.123,W,0
7/29/2011,10:44:11,25.638,N,94.13,W,0
7/29/2011,10:46:10,25.643,N,94.136,W,0
7/29/2011,10:48:10,25.648,N,94.142,W,0
7/29/2011,10:50:10,25.653,N,94.148,W,0
7/29/2011,10:52:10,25.658,N,94.154,W,0
7/29/2011,10:54:11,25.663,N,94.16,W,0
7/29/2011,10:56:11,25.668,N,94.166,W,0
7/29/2011,10:58:11,25.673,N,94.172,W,0
7/29/2011,11:00:11,25.678,N,94.178,W,0
7/29/2011,11:02:10,25.683,N,94.184,W,0
7/29/2011,11:04:10,25.688,N,94.19,W,0
7/29/2011,11:06:10,25.694,N,94.196,W,0
7/29/2011,11:08:11,25.699,N,94.202,W,0
7/29/2011,11:10:11,25.704,N,94.208,W,0
7/29/2011,11:12:11,25.709,N,94.214,W,0
7/29/2011,11:14:11,25.714,N,94.219,W,0
7/29/2011,11:16:10,25.719,N,94.225,W,0
7/29/2011,11:18:10,25.724,N,94.231,W,0
7/29/2011,11:20:10,25.729,N,94.237,W,0
7/29/2011,11:22:10,25.735,N,94.243,W,0
7/29/2011,11:24:11,25.74,N,94.248,W,0
7/29/2011,11:26:11,25.745,N,94.254,W,0
7/29/2011,11:28:11,25.75,N,94.26,W,0
7/29/2011,11:30:11,25.755,N,94.266,W,0
7/29/2011,11:32:10,25.761,N,94.271,W,0
7/29/2011,11:34:10,25.766,N,94.277,W,0
7/29/2011,11:36:10,25.771,N,94.283,W,0
7/29/2011,11:38:11,25.776,N,94.288,W,0
7/29/2011,11:40:11,25.782,N,94.294,W,0
7/29/2011,11:42:11,25.787,N,94.3,W,0
7/29/2011,11:44:11,25.792,N,94.305,W,0
7/29/2011,11:46:10,25.797,N,94.311,W,0
7/29/2011,11:48:10,25.803,N,94.317,W,0
7/29/2011,11:50:10,25.808,N,94.322,W,0
7/29/2011,11:52:10,25.813,N,94.328,W,0
7/29/2011,11:54:11,25.819,N,94.333,W,0
7/29/2011,11:56:11,25.824,N,94.339,W,0
7/29/2011,11:57:40,25.828,N,94.343,W,0
7/29/2011,11:59:40,25.834,N,94.347,W,0
7/29/2011,12:01:41,25.84,N,94.352,W,0
7/29/2011,12:03:41,25.846,N,94.356,W,0
7/29/2011,12:05:41,25.852,N,94.36,W,0
7/29/2011,12:07:41,25.858,N,94.365,W,0
7/29/2011,12:09:40,25.865,N,94.369,W,0
7/29/2011,12:11:40,25.87,N,94.374,W,0
7/29/2011,12:13:40,25.876,N,94.378,W,0
7/29/2011,12:15:41,25.882,N,94.383,W,0
7/29/2011,12:17:41,25.888,N,94.387,W,0
7/29/2011,12:19:41,25.894,N,94.392,W,0
7/29/2011,12:21:41,25.9,N,94.397,W,0
7/29/2011,12:23:40,25.906,N,94.402,W,0
7/29/2011,12:25:40,25.912,N,94.407,W,0
7/29/2011,12:27:40,25.917,N,94.411,W,0
7/29/2011,12:29:40,25.923,N,94.416,W,0
7/29/2011,12:31:41,25.929,N,94.421,W,0
7/29/2011,12:33:41,25.934,N,94.426,W,0
7/29/2011,12:35:41,25.94,N,94.431,W,0
7/29/2011,12:37:41,25.946,N,94.436,W,0
7/29/2011,12:39:40,25.951,N,94.442,W,0
7/29/2011,12:41:40,25.957,N,94.447,W,0
7/29/2011,12:43:40,25.962,N,94.452,W,0
7/29/2011,12:45:41,25.968,N,94.457,W,0
7/29/2011,12:47:41,25.973,N,94.463,W,0
7/29/2011,12:49:41,25.979,N,94.468,W,0
7/29/2011,12:51:41,25.984,N,94.473,W,0
7/29/2011,12:53:40,25.99,N,94.479,W,0
7/29/2011,12:55:40,25.995,N,94.484,W,0
7/29/2011,12:57:40,26,N,94.49,W,0
7/29/2011,12:59:40,26.006,N,94.495,W,0
7/29/2011,13:01:41,26.011,N,94.501,W,0
7/29/2011,13:03:41,26.016,N,94.506,W,0
7/29/2011,13:05:41,26.022,N,94.512,W,0
7/29/2011,13:07:41,26.027,N,94.518,W,0
7/29/2011,13:09:40,26.032,N,94.523,W,0
7/29/2011,13:11:40,26.037,N,94.529,W,0
7/29/2011,13:13:40,26.042,N,94.535,W,0
7/29/2011,13:15:41,26.048,N,94.541,W,0
7/29/2011,13:17:41,26.053,N,94.546,W,0
7/29/2011,13:19:41,26.058,N,94.552,W,0
7/29/2011,13:21:41,26.063,N,94.558,W,0
7/29/2011,13:23:40,26.068,N,94.564,W,0
7/29/2011,13:25:40,26.073,N,94.57,W,0
7/29/2011,13:27:40,26.078,N,94.576,W,0
7/29/2011,13:29:40,26.083,N,94.582,W,0
7/29/2011,13:31:41,26.088,N,94.588,W,0
7/29/2011,13:33:41,26.093,N,94.594,W,0
7/29/2011,13:35:41,26.098,N,94.6,W,0
7/29/2011,13:37:41,26.103,N,94.607,W,0
7/29/2011,13:39:40,26.108,N,94.613,W,0
7/29/2011,13:41:40,26.113,N,94.619,W,0
7/29/2011,13:43:19,26.117,N,94.624,W,0
7/29/2011,13:45:19,26.123,N,94.63,W,0
7/29/2011,13:47:19,26.128,N,94.636,W,0
7/29/2011,13:49:20,26.134,N,94.642,W,0
7/29/2011,13:51:20,26.14,N,94.649,W,0
7/29/2011,13:53:20,26.145,N,94.655,W,0
7/29/2011,13:55:19,26.151,N,94.661,W,0
7/29/2011,13:57:19,26.157,N,94.667,W,0
7/29/2011,13:59:19,26.162,N,94.674,W,0
7/29/2011,14:01:19,26.168,N,94.68,W,0
7/29/2011,14:03:20,26.173,N,94.686,W,0
7/29/2011,14:05:20,26.179,N,94.693,W,0
7/29/2011,14:07:20,26.185,N,94.699,W,0
7/29/2011,14:09:20,26.19,N,94.706,W,0
7/29/2011,14:11:19,26.196,N,94.712,W,0
7/29/2011,14:13:19,26.201,N,94.719,W,0
7/29/2011,14:15:19,26.206,N,94.725,W,0
7/29/2011,14:17:19,26.212,N,94.732,W,0
7/29/2011,14:19:20,26.217,N,94.739,W,0
7/29/2011,14:21:20,26.223,N,94.745,W,0
7/29/2011,14:23:20,26.228,N,94.752,W,0
7/29/2011,14:25:19,26.233,N,94.759,W,0
7/29/2011,14:27:19,26.238,N,94.765,W,0
7/29/2011,14:29:19,26.243,N,94.772,W,0
7/29/2011,14:31:19,26.248,N,94.779,W,0
7/29/2011,14:33:20,26.253,N,94.786,W,0
7/29/2011,14:35:20,26.258,N,94.792,W,0
7/29/2011,14:37:20,26.263,N,94.799,W,0
7/29/2011,14:39:20,26.268,N,94.806,W,0
7/29/2011,14:41:19,26.273,N,94.813,W,0
7/29/2011,14:43:19,26.278,N,94.82,W,0
7/29/2011,14:45:19,26.282,N,94.826,W,0
7/29/2011,14:47:19,26.287,N,94.833,W,0
7/29/2011,14:49:20,26.291,N,94.84,W,0
7/29/2011,14:51:20,26.296,N,94.847,W,0
7/29/2011,14:53:20,26.3,N,94.854,W,0
7/29/2011,14:55:19,26.304,N,94.861,W,0
7/29/2011,14:57:19,26.308,N,94.868,W,0
7/29/2011,14:59:19,26.312,N,94.874,W,0
7/29/2011,15:01:19,26.316,N,94.881,W,0
7/29/2011,15:03:20,26.32,N,94.888,W,0
7/29/2011,15:05:20,26.324,N,94.895,W,0
7/29/2011,15:07:20,26.328,N,94.902,W,0
7/29/2011,15:09:20,26.331,N,94.909,W,0
7/29/2011,15:11:19,26.335,N,94.916,W,0
7/29/2011,15:13:19,26.338,N,94.923,W,0
7/29/2011,15:15:19,26.341,N,94.93,W,0
7/29/2011,15:17:19,26.344,N,94.936,W,0
7/29/2011,15:19:20,26.347,N,94.943,W,0
7/29/2011,15:21:20,26.35,N,94.95,W,0
7/29/2011,15:23:20,26.353,N,94.957,W,0
7/29/2011,15:25:19,26.355,N,94.964,W,0
7/29/2011,15:27:19,26.358,N,94.971,W,0
7/29/2011,15:28:16,26.359,N,94.974,W,0
7/29/2011,15:30:15,26.362,N,94.981,W,0
7/29/2011,15:32:15,26.365,N,94.987,W,0
7/29/2011,15:34:15,26.368,N,94.994,W,0
7/29/2011,15:36:15,26.371,N,95.001,W,0
7/29/2011,15:38:16,26.374,N,95.007,W,0
7/29/2011,15:40:16,26.376,N,95.014,W,0
7/29/2011,15:42:16,26.379,N,95.021,W,0
7/29/2011,15:44:15,26.381,N,95.028,W,0
7/29/2011,15:46:15,26.383,N,95.034,W,0
7/29/2011,15:48:15,26.386,N,95.041,W,0
7/29/2011,15:50:15,26.388,N,95.048,W,0
7/29/2011,15:52:16,26.39,N,95.054,W,0
7/29/2011,15:54:16,26.392,N,95.061,W,0
7/29/2011,15:56:16,26.394,N,95.068,W,0
7/29/2011,15:58:16,26.395,N,95.075,W,0
7/29/2011,16:00:16,26.397,N,95.081,W,0
7/29/2011,16:02:16,26.398,N,95.088,W,0
7/29/2011,16:04:16,26.4,N,95.095,W,0
7/29/2011,16:06:16,26.401,N,95.101,W,0
7/29/2011,16:08:16,26.402,N,95.108,W,0
7/29/2011,16:10:16,26.403,N,95.115,W,0
7/29/2011,16:12:16,26.404,N,95.121,W,0
7/29/2011,16:14:15,26.405,N,95.128,W,0
7/29/2011,16:16:15,26.406,N,95.135,W,0
7/29/2011,16:18:15,26.406,N,95.142,W,0
7/29/2011,16:20:15,26.407,N,95.148,W,0
7/29/2011,16:22:15,26.407,N,95.155,W,0
7/29/2011,16:24:15,26.407,N,95.162,W,0
7/29/2011,16:26:15,26.407,N,95.169,W,0
7/29/2011,16:28:15,26.407,N,95.175,W,0
7/29/2011,16:30:16,26.407,N,95.182,W,0
7/29/2011,16:32:16,26.406,N,95.189,W,0
7/29/2011,16:34:16,26.406,N,95.195,W,0
7/29/2011,16:36:16,26.405,N,95.202,W,0
7/29/2011,16:38:16,26.404,N,95.209,W,0
7/29/2011,16:40:16,26.403,N,95.216,W,0
7/29/2011,16:42:16,26.402,N,95.222,W,0
7/29/2011,16:44:15,26.401,N,95.229,W,0
7/29/2011,16:46:15,26.4,N,95.236,W,0
7/29/2011,16:48:15,26.398,N,95.243,W,0
7/29/2011,16:50:15,26.397,N,95.249,W,0
7/29/2011,16:52:15,26.395,N,95.256,W,0
7/29/2011,16:54:15,26.393,N,95.263,W,0
7/29/2011,16:56:15,26.391,N,95.27,W,0
7/29/2011,16:58:15,26.389,N,95.277,W,0
7/29/2011,17:00:16,26.387,N,95.283,W,0
7/29/2011,17:02:16,26.384,N,95.29,W,0
7/29/2011,17:04:16,26.382,N,95.297,W,0
7/29/2011,17:06:16,26.38,N,95.304,W,0
7/29/2011,17:06:40,26.379,N,95.305,W,0
7/29/2011,17:08:40,26.381,N,95.312,W,0
7/29/2011,17:10:40,26.382,N,95.32,W,0
7/29/2011,17:12:40,26.384,N,95.327,W,0
7/29/2011,17:14:40,26.386,N,95.334,W,0
7/29/2011,17:16:40,26.388,N,95.342,W,0
7/29/2011,17:18:40,26.39,N,95.349,W,0
7/29/2011,17:20:39,26.392,N,95.357,W,0
7/29/2011,17:22:39,26.394,N,95.364,W,0
7/29/2011,17:24:39,26.396,N,95.372,W,0
7/29/2011,17:26:39,26.399,N,95.379,W,0
7/29/2011,17:28:39,26.401,N,95.387,W,0
7/29/2011,17:30:39,26.404,N,95.395,W,0
7/29/2011,17:32:39,26.406,N,95.402,W,0
7/29/2011,17:34:39,26.409,N,95.41,W,0
7/29/2011,17:36:40,26.412,N,95.418,W,0
7/29/2011,17:38:40,26.414,N,95.426,W,0
7/29/2011,17:40:40,26.417,N,95.434,W,0
7/29/2011,17:42:40,26.42,N,95.442,W,0
7/29/2011,17:44:40,26.424,N,95.45,W,0
7/29/2011,17:46:40,26.427,N,95.458,W,0
7/29/2011,17:48:40,26.43,N,95.466,W,0
7/29/2011,17:50:39,26.434,N,95.474,W,0
7/29/2011,17:52:39,26.437,N,95.482,W,0
7/29/2011,17:54:39,26.441,N,95.49,W,0
7/29/2011,17:56:39,26.445,N,95.499,W,0
7/29/2011,17:58:39,26.449,N,95.507,W,0
7/29/2011,18:00:39,26.453,N,95.515,W,0
7/29/2011,18:02:39,26.457,N,95.524,W,0
7/29/2011,18:04:39,26.461,N,95.532,W,0
7/29/2011,18:06:40,26.465,N,95.541,W,0
7/29/2011,18:08:40,26.47,N,95.549,W,0
7/29/2011,18:10:40,26.474,N,95.558,W,0
7/29/2011,18:12:40,26.479,N,95.567,W,0
7/29/2011,18:14:40,26.484,N,95.575,W,0
7/29/2011,18:16:40,26.488,N,95.584,W,0
7/29/2011,18:18:40,26.493,N,95.593,W,0
7/29/2011,18:20:39,26.499,N,95.602,W,0
7/29/2011,18:22:39,26.504,N,95.611,W,0
7/29/2011,18:24:39,26.509,N,95.62,W,0
7/29/2011,18:26:39,26.514,N,95.629,W,0
7/29/2011,18:28:39,26.52,N,95.638,W,0
7/29/2011,18:30:39,26.525,N,95.647,W,0
7/29/2011,18:32:39,26.531,N,95.656,W,0
7/29/2011,18:34:39,26.537,N,95.665,W,0
7/29/2011,18:36:40,26.542,N,95.674,W,0
7/29/2011,18:38:40,26.548,N,95.684,W,0
7/29/2011,18:40:40,26.554,N,95.693,W,0
7/29/2011,18:42:40,26.56,N,95.702,W,0
7/29/2011,18:44:40,26.566,N,95.711,W,0
7/29/2011,18:46:40,26.572,N,95.721,W,0
7/29/2011,18:48:40,26.578,N,95.73,W,0
7/29/2011,18:50:39,26.584,N,95.739,W,0
7/29/2011,18:52:39,26.59,N,95.749,W,0
7/29/2011,18:54:39,26.597,N,95.758,W,0
7/29/2011,18:56:39,26.603,N,95.768,W,0
7/29/2011,18:58:39,26.609,N,95.777,W,0
7/29/2011,19:00:39,26.616,N,95.787,W,0
7/29/2011,19:02:39,26.622,N,95.796,W,0
7/29/2011,19:04:39,26.629,N,95.806,W,0
7/29/2011,19:06:40,26.635,N,95.815,W,0
7/29/2011,19:08:40,26.642,N,95.825,W,0
7/29/2011,19:10:40,26.648,N,95.834,W,0
7/29/2011,19:12:40,26.655,N,95.844,W,0
7/29/2011,19:14:40,26.661,N,95.853,W,0
7/29/2011,19:16:40,26.668,N,95.863,W,0
7/29/2011,19:18:40,26.674,N,95.872,W,0
7/29/2011,19:20:39,26.681,N,95.882,W,0
7/29/2011,19:22:39,26.687,N,95.891,W,0
7/29/2011,19:24:39,26.694,N,95.901,W,0
7/29/2011,19:26:39,26.7,N,95.911,W,0
7/29/2011,19:28:39,26.707,N,95.92,W,0
7/29/2011,19:30:39,26.713,N,95.93,W,0
7/29/2011,19:32:39,26.72,N,95.939,W,0
7/29/2011,19:34:39,26.726,N,95.949,W,0
7/29/2011,19:36:40,26.733,N,95.958,W,0
7/29/2011,19:38:40,26.739,N,95.968,W,0
7/29/2011,19:40:40,26.746,N,95.977,W,0
7/29/2011,19:42:40,26.752,N,95.987,W,0
7/29/2011,19:44:40,26.759,N,95.996,W,0
7/29/2011,19:46:40,26.765,N,96.006,W,0
7/29/2011,19:48:40,26.771,N,96.015,W,0
7/29/2011,19:50:39,26.777,N,96.024,W,0
7/29/2011,19:52:39,26.784,N,96.034,W,0
7/29/2011,19:54:39,26.79,N,96.043,W,0
7/29/2011,19:56:39,26.796,N,96.053,W,0
7/29/2011,19:58:39,26.802,N,96.062,W,0
7/29/2011,20:00:39,26.808,N,96.071,W,0
7/29/2011,20:02:39,26.814,N,96.08,W,0
7/29/2011,20:04:39,26.819,N,96.09,W,0
7/29/2011,20:06:40,26.825,N,96.099,W,0
7/29/2011,20:08:40,26.831,N,96.108,W,0
7/29/2011,20:10:40,26.837,N,96.117,W,0
7/29/2011,20:12:40,26.842,N,96.126,W,0
7/29/2011,20:14:40,26.848,N,96.135,W,0
7/29/2011,20:16:40,26.853,N,96.144,W,0
7/29/2011,20:18:40,26.858,N,96.153,W,0
7/29/2011,20:20:39,26.863,N,96.162,W,0
7/29/2011,20:22:39,26.869,N,96.171,W,0
7/29/2011,20:24:39,26.874,N,96.18,W,0
7/29/2011,20:26:39,26.878,N,96.189,W,0
7/29/2011,20:28:39,26.883,N,96.198,W,0
7/29/2011,20:30:39,26.888,N,96.206,W,0
7/29/2011,20:32:39,26.893,N,96.215,W,0
7/29/2011,20:34:39,26.897,N,96.224,W,0
7/29/2011,20:36:40,26.901,N,96.232,W,0
7/29/2011,20:38:40,26.906,N,96.241,W,0
7/29/2011,20:40:40,26.91,N,96.249,W,0
7/29/2011,20:42:40,26.914,N,96.258,W,0
7/29/2011,20:44:40,26.918,N,96.266,W,0
7/29/2011,20:46:40,26.921,N,96.274,W,0
7/29/2011,20:48:40,26.925,N,96.282,W,0
7/29/2011,20:50:39,26.928,N,96.29,W,0
7/29/2011,20:52:39,26.932,N,96.299,W,0
7/29/2011,20:54:39,26.935,N,96.307,W,0
7/29/2011,20:56:39,26.938,N,96.315,W,0
7/29/2011,20:58:39,26.941,N,96.322,W,0
7/29/2011,21:00:39,26.944,N,96.33,W,0
7/29/2011,21:02:39,26.946,N,96.338,W,0
7/29/2011,21:04:39,26.949,N,96.346,W,0
7/29/2011,21:06:40,26.951,N,96.354,W,0
7/29/2011,21:08:40,26.954,N,96.361,W,0
7/29/2011,21:10:40,26.956,N,96.369,W,0
7/29/2011,21:12:40,26.958,N,96.376,W,0
7/29/2011,21:14:40,26.96,N,96.384,W,0
7/29/2011,21:16:40,26.962,N,96.391,W,0
7/29/2011,21:18:40,26.964,N,96.399,W,0
7/29/2011,21:20:39,26.966,N,96.406,W,0
7/29/2011,21:22:39,26.967,N,96.413,W,0
7/29/2011,21:24:39,26.969,N,96.421,W,0
7/29/2011,21:26:39,26.97,N,96.428,W,0
7/29/2011,21:28:39,26.971,N,96.435,W,0
7/29/2011,21:30:39,26.972,N,96.442,W,0
7/29/2011,21:32:39,26.973,N,96.449,W,0
7/29/2011,21:34:39,26.974,N,96.456,W,0
7/29/2011,21:36:40,26.975,N,96.463,W,0
7/29/2011,21:38:40,26.976,N,96.47,W,0
7/29/2011,21:40:40,26.977,N,96.477,W,0
7/29/2011,21:42:40,26.977,N,96.484,W,0
7/29/2011,21:44:40,26.978,N,96.49,W,0
7/29/2011,21:46:40,26.978,N,96.497,W,0
7/29/2011,21:48:40,26.979,N,96.504,W,0
7/29/2011,21:50:39,26.979,N,96.511,W,0
7/29/2011,21:52:39,26.979,N,96.517,W,0
7/29/2011,21:54:39,26.979,N,96.524,W,0
7/29/2011,21:56:39,26.979,N,96.53,W,0
7/29/2011,21:58:39,26.979,N,96.537,W,0
7/29/2011,22:00:39,26.979,N,96.544,W,0
7/29/2011,22:02:39,26.979,N,96.55,W,0
7/29/2011,22:04:39,26.979,N,96.556,W,0
7/29/2011,22:06:40,26.978,N,96.563,W,0
7/29/2011,22:08:40,26.978,N,96.569,W,0
7/29/2011,22:10:40,26.977,N,96.576,W,0
7/29/2011,22:12:40,26.977,N,96.582,W,0
7/29/2011,22:14:40,26.976,N,96.588,W,0
7/29/2011,22:16:40,26.976,N,96.595,W,0
7/29/2011,22:18:40,26.975,N,96.601,W,0
7/29/2011,22:20:39,26.974,N,96.607,W,0
7/29/2011,22:22:39,26.973,N,96.613,W,0
7/29/2011,22:24:39,26.972,N,96.619,W,0
7/29/2011,22:26:39,26.972,N,96.625,W,0
7/29/2011,22:28:39,26.971,N,96.632,W,0
7/29/2011,22:30:39,26.97,N,96.638,W,0
7/29/2011,22:32:39,26.968,N,96.644,W,0
7/29/2011,22:34:39,26.967,N,96.65,W,0
7/29/2011,22:36:40,26.966,N,96.656,W,0
7/29/2011,22:37:02,26.966,N,96.657,W,0
7/29/2011,22:39:02,26.964,N,96.664,W,0
7/29/2011,22:41:02,26.963,N,96.672,W,0
7/29/2011,22:43:02,26.961,N,96.679,W,0
7/29/2011,22:45:02,26.959,N,96.686,W,0
7/29/2011,22:47:02,26.958,N,96.692,W,0
7/29/2011,22:49:02,26.956,N,96.699,W,0
7/29/2011,22:51:01,26.954,N,96.705,W,0
7/29/2011,22:53:01,26.953,N,96.712,W,0
7/29/2011,22:55:01,26.951,N,96.718,W,0
7/29/2011,22:57:01,26.95,N,96.724,W,0
7/29/2011,22:59:01,26.948,N,96.73,W,0
7/29/2011,23:01:01,26.947,N,96.736,W,0
7/29/2011,23:03:01,26.945,N,96.742,W,0
7/29/2011,23:05:01,26.944,N,96.747,W,0
7/29/2011,23:07:02,26.942,N,96.753,W,0
7/29/2011,23:09:02,26.941,N,96.758,W,0
7/29/2011,23:11:02,26.939,N,96.764,W,0
7/29/2011,23:13:02,26.938,N,96.769,W,0
7/29/2011,23:15:02,26.936,N,96.774,W,0
7/29/2011,23:17:02,26.935,N,96.779,W,0
7/29/2011,23:19:02,26.934,N,96.784,W,0
7/29/2011,23:21:01,26.932,N,96.789,W,0
7/29/2011,23:23:01,26.931,N,96.794,W,0
7/29/2011,23:25:01,26.929,N,96.798,W,0
7/29/2011,23:25:43,26.929,N,96.8,W,0
7/29/2011,23:27:43,26.926,N,96.803,W,0
7/29/2011,23:29:42,26.923,N,96.805,W,0
7/29/2011,23:31:42,26.92,N,96.808,W,0
7/29/2011,23:33:42,26.917,N,96.81,W,0
7/29/2011,23:35:42,26.914,N,96.812,W,0
7/29/2011,23:37:42,26.911,N,96.814,W,0
7/29/2011,23:39:42,26.909,N,96.816,W,0
7/29/2011,23:41:42,26.906,N,96.818,W,0
7/29/2011,23:43:43,26.903,N,96.82,W,0
7/29/2011,23:45:43,26.901,N,96.823,W,0
7/29/2011,23:47:43,26.898,N,96.825,W,0
7/29/2011,23:49:43,26.896,N,96.828,W,0
7/29/2011,23:51:43,26.894,N,96.831,W,0
7/29/2011,23:53:43,26.893,N,96.834,W,0
7/29/2011,23:55:43,26.891,N,96.838,W,0
7/29/2011,23:57:43,26.89,N,96.842,W,0
7/29/2011,23:59:42,26.89,N,96.847,W,0
7/30/2011,0:01:42,26.889,N,96.852,W,0
7/30/2011,0:03:42,26.889,N,96.857,W,0
7/30/2011,0:05:42,26.89,N,96.863,W,0
7/30/2011,0:07:42,26.891,N,96.87,W,0
7/30/2011,0:09:42,26.892,N,96.877,W,0
7/30/2011,0:11:42,26.893,N,96.885,W,0
7/30/2011,0:13:43,26.895,N,96.893,W,0
7/30/2011,0:15:09,26.897,N,96.899,W,0
7/30/2011,0:17:09,26.9,N,96.909,W,0
7/30/2011,0:19:09,26.903,N,96.919,W,0
7/30/2011,0:21:09,26.906,N,96.929,W,0
7/30/2011,0:23:09,26.909,N,96.94,W,0
7/30/2011,0:25:09,26.913,N,96.951,W,0
7/30/2011,0:27:09,26.917,N,96.962,W,0
7/30/2011,0:29:10,26.921,N,96.974,W,0
7/30/2011,0:31:10,26.925,N,96.985,W,0
7/30/2011,0:33:10,26.93,N,96.997,W,0
7/30/2011,0:35:10,26.934,N,97.009,W,0
7/30/2011,0:37:10,26.939,N,97.02,W,0
7/30/2011,0:39:10,26.944,N,97.032,W,0
7/30/2011,0:41:10,26.948,N,97.044,W,0
7/30/2011,0:43:09,26.953,N,97.055,W,0
7/30/2011,0:45:09,26.958,N,97.066,W,0
7/30/2011,0:47:09,26.963,N,97.077,W,0
7/30/2011,0:48:13,26.965,N,97.083,W,0
7/30/2011,0:50:13,26.968,N,97.09,W,0
7/30/2011,0:52:13,26.971,N,97.097,W,0
7/30/2011,0:54:14,26.974,N,97.103,W,0
7/30/2011,0:56:14,26.978,N,97.11,W,0
7/30/2011,0:58:14,26.981,N,97.117,W,0
7/30/2011,1:00:14,26.984,N,97.124,W,0
7/30/2011,1:02:14,26.987,N,97.13,W,0
7/30/2011,1:04:14,26.99,N,97.137,W,0
7/30/2011,1:06:14,26.994,N,97.144,W,0
7/30/2011,1:08:14,26.997,N,97.151,W,0
7/30/2011,1:10:13,27,N,97.158,W,0
7/30/2011,1:12:13,27.003,N,97.164,W,0
7/30/2011,1:14:13,27.007,N,97.171,W,0
7/30/2011,1:16:13,27.01,N,97.178,W,0
7/30/2011,1:18:13,27.013,N,97.185,W,0
7/30/2011,1:20:13,27.017,N,97.191,W,0
7/30/2011,1:22:13,27.02,N,97.198,W,0
7/30/2011,1:24:14,27.023,N,97.205,W,0
7/30/2011,1:26:14,27.027,N,97.212,W,0
7/30/2011,1:28:14,27.03,N,97.218,W,0
7/30/2011,1:30:14,27.034,N,97.225,W,0
7/30/2011,1:32:14,27.037,N,97.232,W,0
7/30/2011,1:34:14,27.041,N,97.239,W,0
7/30/2011,1:36:14,27.044,N,97.245,W,0
7/30/2011,1:38:14,27.048,N,97.252,W,0
7/30/2011,1:40:13,27.051,N,97.259,W,0
7/30/2011,1:42:13,27.055,N,97.266,W,0
7/30/2011,1:44:13,27.058,N,97.272,W,0
7/30/2011,1:46:13,27.062,N,97.279,W,0
7/30/2011,1:48:13,27.066,N,97.286,W,0
7/30/2011,1:50:13,27.069,N,97.293,W,0
7/30/2011,1:52:13,27.073,N,97.299,W,0
7/30/2011,1:54:14,27.077,N,97.306,W,0
7/30/2011,1:56:14,27.081,N,97.313,W,0
7/30/2011,1:58:14,27.084,N,97.319,W,0
7/30/2011,2:00:14,27.088,N,97.326,W,0
7/30/2011,2:02:14,27.092,N,97.333,W,0
7/30/2011,2:04:14,27.096,N,97.339,W,0
7/30/2011,2:06:14,27.1,N,97.346,W,0
7/30/2011,2:08:14,27.104,N,97.353,W,0
7/30/2011,2:10:13,27.108,N,97.36,W,0
7/30/2011,2:12:13,27.112,N,97.366,W,0
7/30/2011,2:14:13,27.116,N,97.373,W,0
7/30/2011,2:16:13,27.12,N,97.38,W,0
7/30/2011,2:18:13,27.124,N,97.386,W,0
7/30/2011,2:20:13,27.128,N,97.393,W,0
7/30/2011,2:22:13,27.132,N,97.4,W,0
7/30/2011,2:24:14,27.136,N,97.406,W,0
7/30/2011,2:26:14,27.141,N,97.413,W,0
7/30/2011,2:28:14,27.145,N,97.42,W,0
7/30/2011,2:30:14,27.149,N,97.426,W,0
7/30/2011,2:32:14,27.154,N,97.433,W,0
7/30/2011,2:34:14,27.158,N,97.439,W,0
7/30/2011,2:36:14,27.162,N,97.446,W,0
7/30/2011,2:38:14,27.167,N,97.453,W,0
7/30/2011,2:40:13,27.171,N,97.459,W,0
7/30/2011,2:42:13,27.176,N,97.466,W,0
7/30/2011,2:44:13,27.18,N,97.473,W,0
7/30/2011,2:46:13,27.185,N,97.479,W,0
7/30/2011,2:48:13,27.19,N,97.486,W,0
7/30/2011,2:50:13,27.194,N,97.492,W,0
7/30/2011,2:52:13,27.199,N,97.499,W,0
7/30/2011,2:54:14,27.204,N,97.506,W,0
7/30/2011,2:56:14,27.209,N,97.512,W,0
7/30/2011,2:58:14,27.214,N,97.519,W,0
7/30/2011,3:00:14,27.219,N,97.525,W,0
7/30/2011,3:02:14,27.224,N,97.532,W,0
7/30/2011,3:04:14,27.229,N,97.538,W,0
7/30/2011,3:06:14,27.234,N,97.545,W,0
7/30/2011,3:08:14,27.239,N,97.552,W,0
7/30/2011,3:10:13,27.244,N,97.558,W,0
7/30/2011,3:12:13,27.249,N,97.565,W,0
7/30/2011,3:14:13,27.255,N,97.571,W,0
7/30/2011,3:16:13,27.26,N,97.578,W,0
7/30/2011,3:18:13,27.265,N,97.584,W,0
7/30/2011,3:20:13,27.271,N,97.591,W,0
7/30/2011,3:22:13,27.276,N,97.597,W,0
7/30/2011,3:24:14,27.282,N,97.604,W,0
7/30/2011,3:26:14,27.287,N,97.61,W,0
7/30/2011,3:28:14,27.293,N,97.617,W,0
7/30/2011,3:30:14,27.298,N,97.623,W,0
7/30/2011,3:32:14,27.304,N,97.63,W,0
7/30/2011,3:34:14,27.31,N,97.636,W,0
7/30/2011,3:36:14,27.316,N,97.643,W,0
7/30/2011,3:38:14,27.321,N,97.649,W,0
7/30/2011,3:40:13,27.327,N,97.656,W,0
7/30/2011,3:42:13,27.333,N,97.662,W,0
7/30/2011,3:44:13,27.339,N,97.669,W,0
7/30/2011,3:46:13,27.345,N,97.675,W,0
7/30/2011,3:48:13,27.351,N,97.681,W,0
7/30/2011,3:50:13,27.357,N,97.688,W,0
7/30/2011,3:52:13,27.363,N,97.694,W,0
7/30/2011,3:54:14,27.369,N,97.701,W,0
7/30/2011,3:56:14,27.375,N,97.707,W,0
7/30/2011,3:58:14,27.381,N,97.714,W,0
7/30/2011,4:00:14,27.388,N,97.72,W,0
7/30/2011,4:02:14,27.394,N,97.727,W,0
7/30/2011,4:04:14,27.4,N,97.733,W,0
7/30/2011,4:06:14,27.406,N,97.739,W,0
7/30/2011,4:08:14,27.413,N,97.746,W,0
7/30/2011,4:10:13,27.419,N,97.752,W,0
7/30/2011,4:12:13,27.426,N,97.759,W,0
7/30/2011,4:14:13,27.432,N,97.765,W,0
7/30/2011,4:16:13,27.438,N,97.771,W,0
7/30/2011,4:18:13,27.445,N,97.778,W,0
7/30/2011,4:20:13,27.451,N,97.784,W,0
7/30/2011,4:22:13,27.458,N,97.791,W,0
7/30/2011,4:24:14,27.464,N,97.797,W,0
7/30/2011,4:26:14,27.471,N,97.803,W,0
7/30/2011,4:28:14,27.478,N,97.81,W,0
7/30/2011,4:30:14,27.484,N,97.816,W,0
7/30/2011,4:32:14,27.491,N,97.822,W,0
7/30/2011,4:34:14,27.498,N,97.829,W,0
7/30/2011,4:36:14,27.504,N,97.835,W,0
7/30/2011,4:38:14,27.511,N,97.841,W,0
7/30/2011,4:40:13,27.518,N,97.848,W,0
7/30/2011,4:42:13,27.525,N,97.854,W,0
7/30/2011,4:44:13,27.532,N,97.861,W,0
7/30/2011,4:46:13,27.538,N,97.867,W,0
7/30/2011,4:48:13,27.545,N,97.873,W,0
7/30/2011,4:50:13,27.552,N,97.88,W,0
7/30/2011,4:52:13,27.559,N,97.886,W,0
7/30/2011,4:54:14,27.566,N,97.892,W,0
7/30/2011,4:56:14,27.573,N,97.899,W,0
7/30/2011,4:58:14,27.58,N,97.905,W,0
7/30/2011,5:00:14,27.587,N,97.911,W,0
7/30/2011,5:02:14,27.594,N,97.918,W,0
7/30/2011,5:04:14,27.601,N,97.924,W,0
7/30/2011,5:06:14,27.608,N,97.93,W,0
7/30/2011,5:08:14,27.615,N,97.937,W,0
7/30/2011,5:10:13,27.622,N,97.943,W,0
7/30/2011,5:12:13,27.629,N,97.949,W,0
7/30/2011,5:14:13,27.636,N,97.956,W,0
7/30/2011,5:16:13,27.643,N,97.962,W,0
7/30/2011,5:18:13,27.65,N,97.968,W,0
7/30/2011,5:20:13,27.657,N,97.975,W,0
7/30/2011,5:22:13,27.664,N,97.981,W,0
7/30/2011,5:24:14,27.671,N,97.987,W,0
7/30/2011,5:26:14,27.679,N,97.993,W,0
7/30/2011,5:28:14,27.686,N,98,W,0
7/30/2011,5:30:14,27.693,N,98.006,W,0
7/30/2011,5:32:14,27.7,N,98.012,W,0
7/30/2011,5:34:14,27.707,N,98.019,W,0
7/30/2011,5:36:14,27.714,N,98.025,W,0
7/30/2011,5:38:14,27.722,N,98.031,W,0
7/30/2011,5:40:13,27.729,N,98.038,W,0
7/30/2011,5:42:13,27.736,N,98.044,W,0
7/30/2011,5:44:13,27.743,N,98.05,W,0
7/30/2011,5:46:13,27.75,N,98.057,W,0
7/30/2011,5:48:13,27.758,N,98.063,W,0
7/30/2011,5:50:13,27.765,N,98.069,W,0
7/30/2011,5:52:13,27.772,N,98.076,W,0
7/30/2011,5:54:14,27.779,N,98.082,W,0
7/30/2011,5:56:14,27.786,N,98.088,W,0
7/30/2011,5:58:14,27.794,N,98.094,W,0
